%YAML:1.0
calibration_time: "Mon May 26 12:27:06 2014"
nframes: 15
image_width: 640
image_height: 480
board_width: 9
board_height: 6
square_size: 1.
flags: 0
camera_matrix: !!opencv-matrix
   rows: 3
   cols: 3
   dt: d
   data: [ 1.7460665693886353e+03, 0., 3.9128834934481739e+02, 0.,
       1.8175873440059968e+03, 3.1979755434651241e+02, 0., 0., 1. ]
distortion_coefficients: !!opencv-matrix
   rows: 5
   cols: 1
   dt: d
   data: [ 9.1752748199126832e-01, -1.0170866431944333e+01,
       7.5964786135497842e-02, 3.3300739211685734e-02,
       1.2339799042195136e+02 ]
avg_reprojection_error: 1.5439037122403627e+00
per_view_reprojection_errors: !!opencv-matrix
   rows: 15
   cols: 1
   dt: f
   data: [ 7.72073030e-01, 1.04067194e+00, 1.66389608e+00,
       1.38248301e+00, 2.91009164e+00, 3.36676407e+00, 1.21501744e+00,
       6.87126577e-01, 7.42218375e-01, 1.39722526e+00, 6.29572570e-01,
       1.33386374e+00, 1.45253277e+00, 7.27527916e-01, 5.70702493e-01 ]
# a set of 6-tuples (rotation vector + translation vector) for each view
extrinsic_parameters: !!opencv-matrix
   rows: 15
   cols: 6
   dt: d
   data: [ 2.8891899534243568e-02, 4.6811921600649337e-01,
       -3.0247962812029616e+00, 4.4324943886924217e-01,
       -1.5137231847211552e+00, 4.3202440626180973e+01,
       2.2439727942562073e-02, 4.6466200276420527e-01,
       -3.0649986986356317e+00, -8.9833992200186197e-01,
       -6.7289489346887887e-01, 4.2701196342443360e+01,
       8.9458661772059189e-02, -3.9536591475444144e-01,
       -2.7166265212473806e+00, 9.4442062757595313e-01,
       3.2002037313187293e+00, 4.2944938510107789e+01,
       -2.4661352417311700e-02, 5.3464479647549901e-01,
       -2.9835621807885611e+00, 3.6610169665540728e+00,
       -1.4939414528207531e-01, 4.2905838260885304e+01,
       -2.6624481913049020e-01, -3.6027806448976551e-01,
       2.9241862141460038e+00, 3.2287562688725391e+00,
       -1.6227573597764400e+00, 4.0586206491163104e+01,
       3.8243049866158341e-01, 4.1358754684426413e-01,
       -2.7270964047674817e+00, 1.3089863489283406e+00,
       1.0025484420445698e+00, 3.9471233662283502e+01,
       1.2996868268776648e-01, 3.2945507940062402e-01,
       -1.5469196215186183e+00, -6.8730912725445608e+00,
       2.7581479844835886e+00, 4.2700555894229709e+01,
       3.2934488728740524e-02, 5.3745833939869203e-01,
       -2.9231706340407784e+00, 2.9609515693858581e+00,
       -1.6699280278521986e-01, 4.4928402156630071e+01,
       9.4074584059183439e-02, 4.4294961267754152e-01,
       -3.0788262002026232e+00, 1.1015649537988126e+00,
       -1.2169917525189564e+00, 4.5467762873767001e+01,
       1.2694241224840547e-01, 4.7125349181072690e-01,
       -2.9456791833443319e+00, -1.3789367881319332e+00,
       1.3025861111475139e+00, 4.6445295365921062e+01,
       6.3167629514562146e-02, 5.1704433659308002e-01,
       -2.9740597209501805e+00, 4.2641736152564684e+00,
       4.4597739506632783e-01, 4.6063932620220484e+01,
       1.6439899473192107e-01, 4.4428432439349835e-01,
       -2.9263038806123509e+00, 1.5191012318410841e+00,
       1.3030229328898484e+00, 4.6158316135174644e+01,
       -1.1291949949768797e-02, 4.5087701606733932e-01,
       -2.9943722546591047e+00, 9.2681819403762833e-01,
       -7.4143405430130394e-01, 4.5449680254810140e+01,
       7.5058158706573216e-02, 4.8863199293317477e-01,
       -2.9180322728449863e+00, 4.8455855475253828e-01,
       5.8124961819906407e-01, 4.5977696907423962e+01,
       4.4183947663637972e-02, 3.2881714383832661e-01,
       -2.9530601595321437e+00, 1.3898306509552028e-01,
       1.2726657226208258e+00, 4.5349084035147719e+01 ]
image_points: !!opencv-matrix
   rows: 15
   cols: 54
   dt: "2f"
   data: [ 4.11218903e+02, 2.57394867e+02, 3.69770508e+02,
       2.53842346e+02, 3.28636108e+02, 2.50953796e+02, 2.87820068e+02,
       2.47648727e+02, 2.47264618e+02, 2.44671234e+02, 2.06685410e+02,
       2.41774399e+02, 1.66374222e+02, 2.38447098e+02, 1.26715019e+02,
       2.35824554e+02, 8.57263870e+01, 2.33549683e+02, 4.14384399e+02,
       2.16311493e+02, 3.73147064e+02, 2.12862610e+02, 3.32200470e+02,
       2.10214981e+02, 2.91540100e+02, 2.07104019e+02, 2.51063828e+02,
       2.04227997e+02, 2.10676193e+02, 2.01322998e+02, 1.70441376e+02,
       1.98250534e+02, 1.29441711e+02, 1.95468323e+02, 8.74847107e+01,
       1.93260071e+02, 4.17624695e+02, 1.75101852e+02, 3.76407501e+02,
       1.72199188e+02, 3.35404022e+02, 1.69225723e+02, 2.94639893e+02,
       1.66125977e+02, 2.54172440e+02, 1.63350494e+02, 2.13620956e+02,
       1.60407242e+02, 1.72717926e+02, 1.57357864e+02, 1.31196640e+02,
       1.54638275e+02, 8.90916138e+01, 1.51951218e+02, 4.20793060e+02,
       1.34207932e+02, 3.79571564e+02, 1.31358353e+02, 3.38620636e+02,
       1.28496155e+02, 2.97814972e+02, 1.25403275e+02, 2.57128052e+02,
       1.22570793e+02, 2.16227081e+02, 1.19433289e+02, 1.74895844e+02,
       1.16466095e+02, 1.33205338e+02, 1.13558319e+02, 9.07316437e+01,
       1.10539543e+02, 4.24225891e+02, 9.28775711e+01, 3.82749329e+02,
       9.02447891e+01, 3.41708588e+02, 8.70623245e+01, 3.00782684e+02,
       8.41637192e+01, 2.59714691e+02, 8.12328644e+01, 2.18616135e+02,
       7.79726105e+01, 1.77035156e+02, 7.48589706e+01, 1.35077515e+02,
       7.16486053e+01, 9.23658524e+01, 6.85072479e+01, 4.27607208e+02,
       5.13868484e+01, 3.86302399e+02, 4.84579163e+01, 3.45037323e+02,
       4.52946205e+01, 3.03703003e+02, 4.23102417e+01, 2.62523163e+02,
       3.90594330e+01, 2.21053192e+02, 3.58337860e+01, 1.79355438e+02,
       3.26417770e+01, 1.36909378e+02, 2.90996227e+01, 9.40085220e+01,
       2.57333794e+01, 3.56920288e+02, 2.90905365e+02, 3.15657471e+02,
       2.89790894e+02, 2.74340210e+02, 2.88870300e+02, 2.33109329e+02,
       2.87791138e+02, 1.91783417e+02, 2.86975769e+02, 1.50303406e+02,
       2.86103088e+02, 1.08655472e+02, 2.85052032e+02, 6.63669586e+01,
       2.84239990e+02, 2.31018276e+01, 2.83980469e+02, 3.57536835e+02,
       2.49818634e+02, 3.16454620e+02, 2.48521881e+02, 2.75442261e+02,
       2.47591370e+02, 2.34295334e+02, 2.46530533e+02, 1.93074341e+02,
       2.45508423e+02, 1.51453568e+02, 2.44433380e+02, 1.09473526e+02,
       2.43434692e+02, 6.65127411e+01, 2.42650620e+02, 2.27585144e+01,
       2.42205856e+02, 3.58019165e+02, 2.08862061e+02, 3.17202820e+02,
       2.07655991e+02, 2.76267151e+02, 2.06407730e+02, 2.35133347e+02,
       2.05208008e+02, 1.93790771e+02, 2.03961731e+02, 1.52037552e+02,
       2.02749069e+02, 1.09702934e+02, 2.01551910e+02, 6.64593048e+01,
       2.00587433e+02, 2.24901276e+01, 1.99619125e+02, 3.58851318e+02,
       1.68349548e+02, 3.17922607e+02, 1.66846924e+02, 2.77164825e+02,
       1.65508484e+02, 2.35956848e+02, 1.64013580e+02, 1.94496536e+02,
       1.62587891e+02, 1.52640427e+02, 1.61142273e+02, 1.10005859e+02,
       1.59758224e+02, 6.65343628e+01, 1.58344650e+02, 2.24890919e+01,
       1.57112244e+02, 3.59869263e+02, 1.27403954e+02, 3.19057892e+02,
       1.25769554e+02, 2.78128235e+02, 1.24142235e+02, 2.36869827e+02,
       1.22455528e+02, 1.95225555e+02, 1.20702850e+02, 1.53029724e+02,
       1.18948143e+02, 1.10221642e+02, 1.17249344e+02, 6.65480347e+01,
       1.15514893e+02, 2.21005840e+01, 1.13725624e+02, 3.61069519e+02,
       8.60709610e+01, 3.20155060e+02, 8.42428818e+01, 2.79230927e+02,
       8.23825226e+01, 2.37780640e+02, 8.03426132e+01, 1.96076202e+02,
       7.83936157e+01, 1.53562881e+02, 7.63485336e+01, 1.10562668e+02,
       7.42676773e+01, 6.65870361e+01, 7.19813843e+01, 2.20787373e+01,
       6.99683838e+01, 4.31394012e+02, 4.54164032e+02, 3.92956757e+02,
       4.37515564e+02, 3.54340332e+02, 4.21383606e+02, 3.16520660e+02,
       4.05359344e+02, 2.78863800e+02, 3.89858337e+02, 2.41397125e+02,
       3.73679199e+02, 2.04563950e+02, 3.58783539e+02, 1.66992966e+02,
       3.42623688e+02, 1.29295502e+02, 3.26742035e+02, 4.45685181e+02,
       4.16391998e+02, 4.07622314e+02, 3.99995575e+02, 3.69723816e+02,
