%YAML:1.0
calibration_time: "gio 10 lug 2014 17:00:26 CEST"
nframes: 15
image_width: 640
image_height: 480
board_width: 9
board_height: 6
square_size: 1.
flags: 0
camera_matrix: !!opencv-matrix
   rows: 3
   cols: 3
   dt: d
   data: [ 1.0522017148433836e+03, 0., 3.1672972925519235e+02, 0.,
       1.0531421572494828e+03, 2.6577877036775232e+02, 0., 0., 1. ]
distortion_coefficients: !!opencv-matrix
   rows: 5
   cols: 1
   dt: d
   data: [ 8.8450115066002713e-02, 2.1185398427096027e+00,
       8.6689015274366791e-03, -9.2479667670789991e-03,
       -4.9854112239073267e+01 ]
avg_reprojection_error: 3.0383938702289182e-01
per_view_reprojection_errors: !!opencv-matrix
   rows: 15
   cols: 1
   dt: f
   data: [ 2.84631550e-01, 2.46082321e-01, 2.57900089e-01,
       2.09774092e-01, 1.94633931e-01, 1.96719274e-01, 2.41747081e-01,
       3.03605020e-01, 3.65391552e-01, 4.05849278e-01, 3.54033649e-01,
       3.63484323e-01, 2.97475755e-01, 4.22519505e-01, 2.87729114e-01 ]
# a set of 6-tuples (rotation vector + translation vector) for each view
extrinsic_parameters: !!opencv-matrix
   rows: 15
   cols: 6
   dt: d
   data: [ -1.6836050781332580e-02, -9.2404616087286492e-02,
       3.1012572803243472e+00, 3.9046436770636461e+00,
       9.1677451203200977e-01, 2.8038464295209796e+01,
       -1.7326184346507949e-04, 9.0194644689772743e-02,
       -3.1186149138656032e+00, 3.9045053800776861e+00,
       1.1232258961425088e+00, 2.7975323009692719e+01,
       3.1402870131733221e-02, 1.1710066988523192e-01,
       -2.9739272254617766e+00, 3.6227785652547619e+00,
       1.8032858149329691e+00, 2.7969544112902792e+01,
       4.6535749062079114e-02, 1.9254485327336782e-01,
       -2.8061253852849473e+00, 3.3799952998634688e+00,
       2.5529494822078336e+00, 2.8047029308219798e+01,
       7.2311319296149174e-02, 1.5027619702011696e-01,
       -2.6499968110772727e+00, 2.7237787988389126e+00,
       2.9871637183814665e+00, 2.7911303360583940e+01,
       1.2995715272064326e-01, 1.7706124635499731e-01,
       -2.5191181434924008e+00, 2.4806273310978084e+00,
       3.5586409150718352e+00, 2.8022236190375661e+01,
       1.6307397550155453e-01, 1.2083059107813252e-01,
       -2.4171725491920926e+00, 1.1731378838397886e+00,
       3.6040374535690423e+00, 2.7876475226089500e+01,
       1.7325334507189974e-01, 1.6676166498648687e-01,
       -2.3212516637198757e+00, 1.3145829402575010e-01,
       3.4597250568899960e+00, 2.7848028240186295e+01,
       2.3273630305555199e-01, 1.2676983730277952e-01,
       -2.1934662987125613e+00, -3.3679583515395028e-01,
       3.7790172490033300e+00, 2.7836115480232042e+01,
       2.1708625016153391e-01, 1.5078744958417381e-01,
       -2.0543908591115221e+00, -8.9943328910792619e-01,
       4.2960356149171668e+00, 2.7639456438597197e+01,
       2.2446282087618863e-01, 7.9869049970187386e-02,
       -1.9520755735624979e+00, -1.5808200204086298e+00,
       4.3244471640082356e+00, 2.7381072404092990e+01,
       2.3862553532223987e-01, 5.6595325933524468e-02,
       -1.9278691799353438e+00, -1.7246397899866330e+00,
       4.2925619288972294e+00, 2.7322797096143233e+01,
       2.0069721629642118e-01, -2.4460196932497666e-02,
       -3.1329439175308265e+00, 4.5003621312315705e+00,
       1.1328500564499604e+00, 2.6979357720199900e+01,
       1.3754851591807268e-01, 1.9033945174707630e-02,
       -3.0997988625567086e+00, 4.6727132171729044e+00,
       6.3179604251200716e-01, 2.7024557122939203e+01,
       -1.8076525305620234e-01, -1.6176890648307410e-01,
       3.1144787475879978e+00, 4.8414195312376709e+00,
       3.2708879636606997e-01, 2.7282540776807391e+01 ]
image_points: !!opencv-matrix
   rows: 15
   cols: 54
   dt: "2f"
   data: [ 4.63571869e+02, 3.00451477e+02, 4.26070923e+02,
       3.01808929e+02, 3.88486450e+02, 3.03428833e+02, 3.50791473e+02,
       3.04900238e+02, 3.13386078e+02, 3.06402618e+02, 2.75707031e+02,
       3.07863312e+02, 2.37965302e+02, 3.09309265e+02, 2.00201721e+02,
       3.10731812e+02, 1.62523254e+02, 3.12113617e+02, 4.62236450e+02,
       2.62829895e+02, 4.24583344e+02, 2.64504913e+02, 3.87124481e+02,
       2.65835114e+02, 3.49474060e+02, 2.67300934e+02, 3.11658020e+02,
       2.68764191e+02, 2.74236359e+02, 2.70123169e+02, 2.36462097e+02,
       2.71568787e+02, 1.98385452e+02, 2.73368896e+02, 1.60350601e+02,
       2.74810883e+02, 4.60733795e+02, 2.25320511e+02, 4.23061005e+02,
       2.26696365e+02, 3.85636139e+02, 2.28121689e+02, 3.48002808e+02,
       2.29572006e+02, 3.10285767e+02, 2.30896164e+02, 2.72569031e+02,
       2.32491806e+02, 2.34700790e+02, 2.33919403e+02, 1.96491608e+02,
       2.35339478e+02, 1.58430130e+02, 2.36742462e+02, 4.59419342e+02,
       1.87716492e+02, 4.21574554e+02, 1.89123779e+02, 3.84156738e+02,
       1.90534378e+02, 3.46503418e+02, 1.91909470e+02, 3.08712982e+02,
       1.93398666e+02, 2.70862274e+02, 1.94750305e+02, 2.32931396e+02,
       1.96060776e+02, 1.94617218e+02, 1.97492569e+02, 1.56329758e+02,
       1.98801590e+02, 4.57850250e+02, 1.49975464e+02, 4.20205444e+02,
       1.51417023e+02, 3.82548920e+02, 1.52734360e+02, 3.45084015e+02,
       1.54141907e+02, 3.07206146e+02, 1.55345291e+02, 2.69345337e+02,
       1.56613327e+02, 2.31179871e+02, 1.57873154e+02, 1.92847641e+02,
       1.59293503e+02, 1.54324783e+02, 1.60588928e+02, 4.56657135e+02,
       1.12016434e+02, 4.19024506e+02, 1.13344864e+02, 3.81236694e+02,
       1.14608894e+02, 3.43497803e+02, 1.15765625e+02, 3.05662872e+02,
       1.17111473e+02, 2.67704559e+02, 1.18268845e+02, 2.29529968e+02,
       1.19487511e+02, 1.91058029e+02, 1.20789314e+02, 1.52440918e+02,
       1.21996758e+02, 4.63692932e+02, 3.08407806e+02, 4.26054321e+02,
       3.07558624e+02, 3.88420959e+02, 3.06763214e+02, 3.50677307e+02,
       3.05958527e+02, 3.13293335e+02, 3.05066345e+02, 2.75478180e+02,
       3.04286804e+02, 2.37735016e+02, 3.03364105e+02, 1.99925705e+02,
       3.02511719e+02, 1.62292603e+02, 3.01563171e+02, 4.64733459e+02,
       2.70730774e+02, 4.26948395e+02, 2.69839203e+02, 3.89315063e+02,
       2.69016907e+02, 3.51582336e+02, 2.68201874e+02, 3.14165192e+02,
       2.67398254e+02, 2.76358429e+02, 2.66549591e+02, 2.38542938e+02,
       2.65683990e+02, 2.00569153e+02, 2.64934326e+02, 1.62481140e+02,
       2.64148956e+02, 4.65643158e+02, 2.32925995e+02, 4.27773346e+02,
       2.32097244e+02, 3.90243042e+02, 2.31242203e+02, 3.52544128e+02,
       2.30401276e+02, 3.14790314e+02, 2.29494171e+02, 2.76933655e+02,
       2.28648239e+02, 2.39217941e+02, 2.27746002e+02, 2.01147324e+02,
       2.26932098e+02, 1.63065048e+02, 2.26211365e+02, 4.66501526e+02,
       1.95273987e+02, 4.28543884e+02, 1.94430496e+02, 3.90988190e+02,
       1.93606186e+02, 3.53459351e+02, 1.92671967e+02, 3.15537689e+02,
       1.91748276e+02, 2.77598297e+02, 1.90853348e+02, 2.39608978e+02,
       1.89995911e+02, 2.01536835e+02, 1.89180603e+02, 1.63309921e+02,
       1.88264862e+02, 4.67287781e+02, 1.57414810e+02, 4.29461365e+02,
       1.56487381e+02, 3.91663757e+02, 1.55585602e+02, 3.54209015e+02,
       1.54666840e+02, 3.16286957e+02, 1.53737274e+02, 2.78365051e+02,
       1.52773682e+02, 2.40367218e+02, 1.51734940e+02, 2.01945068e+02,
       1.50805878e+02, 1.63504852e+02, 1.49933121e+02, 4.68278107e+02,
       1.19242989e+02, 4.30445374e+02, 1.18330429e+02, 3.92679474e+02,
       1.17408699e+02, 3.54964325e+02, 1.16387085e+02, 3.16967926e+02,
       1.15455025e+02, 2.79067688e+02, 1.14467789e+02, 2.41040909e+02,
       1.13446884e+02, 2.02575043e+02, 1.12461609e+02, 1.63952820e+02,
       1.11324707e+02, 4.53059113e+02, 3.33940247e+02, 4.16046631e+02,
       3.27888885e+02, 3.79011444e+02, 3.21975922e+02, 3.41737549e+02,
       3.15656982e+02, 3.04637177e+02, 3.09458435e+02, 2.67319702e+02,
       3.03302155e+02, 2.29645355e+02, 2.97274017e+02, 1.91974792e+02,
       2.91023407e+02, 1.54341141e+02, 2.84635193e+02, 4.59580933e+02,
       2.97188751e+02, 4.22300354e+02, 2.90833008e+02, 3.85369995e+02,
