%YAML:1.0
calibration_time: "Fri May 23 17:05:59 2014"
nframes: 15
image_width: 640
image_height: 480
board_width: 9
board_height: 6
square_size: 1.
flags: 0
camera_matrix: !!opencv-matrix
   rows: 3
   cols: 3
   dt: d
   data: [ 6.3466269417653473e+02, 0., 2.9933552256261544e+02, 0.,
       6.3402119764263591e+02, 2.4545095044478481e+02, 0., 0., 1. ]
distortion_coefficients: !!opencv-matrix
   rows: 5
   cols: 1
   dt: d
   data: [ 2.3679918384195225e-01, -1.1659319904051335e+00,
       7.1846721406322632e-03, -8.5228171697022490e-03,
       -5.3967295997112197e-01 ]
avg_reprojection_error: 8.5203450673994419e-01
per_view_reprojection_errors: !!opencv-matrix
   rows: 15
   cols: 1
   dt: f
   data: [ 6.16578341e-01, 8.27573717e-01, 3.38642597e-01,
       4.89343703e-01, 4.03085589e-01, 1.27176476e+00, 2.12455034e+00,
       5.69336712e-01, 3.26381624e-01, 6.85882449e-01, 1.25815964e+00,
       3.70908588e-01, 3.47642034e-01, 6.06403768e-01, 2.57794499e-01 ]
# a set of 6-tuples (rotation vector + translation vector) for each view
extrinsic_parameters: !!opencv-matrix
   rows: 15
   cols: 6
   dt: d
   data: [ 1.6802610518373087e-01, -5.4963176802776230e-02,
       -3.0986374334686650e+00, 3.0036107763709099e+00,
       1.6874521017309847e+00, 2.2483865163830494e+01,
       1.8948234882147177e-01, 3.8573695787032075e-01,
       -3.0534955104402655e+00, 2.6536275461570238e+00,
       1.1119660698671465e+00, 2.3096356882883413e+01,
       3.1306164655405450e-01, 2.1014000630657745e-01,
       -2.6088894376992480e+00, 1.1535024365703754e-01,
       2.4587860532082599e+00, 2.3283757558395873e+01,
       3.2911192990762378e-01, 1.7149845338417799e-01,
       -1.9732104696861046e+00, -3.8041877788835525e+00,
       2.9684538186903153e+00, 2.3741831501006963e+01,
       2.9173922977619471e-01, -2.3405969832627764e-02,
       -1.5039649107919189e+00, -6.3260035389453044e+00,
       3.2166435741261608e+00, 2.1800856366151756e+01,
       4.5706337104775563e-01, -2.1774426748284040e-01,
       -4.5595597051503506e-01, -9.0266394404924117e+00,
       -3.5363252164819410e+00, 1.9994923679087879e+01,
       2.5484172094820340e-01, -1.3668443579030573e-01,
       6.1566988951811535e-02, -5.2448859686628846e-01,
       -3.7045811233281043e+00, 2.2571757378874644e+01,
       2.9954060089815965e-01, -1.4412149657008075e-01,
       -2.6576687374047997e-01, 3.1583710959668632e-01,
       -8.7117562000004012e-01, 2.2208720317696425e+01,
       3.1613303702776868e-01, -7.3167904148301877e-02,
       -4.8310416291040731e-01, -4.7034681579562809e+00,
       -3.8859939606948313e+00, 2.1540159236458564e+01,
       3.5132895482188692e-01, -3.4928169278133178e-02,
       -1.0942783803178446e+00, -1.7713316034776243e+00,
       -7.1293348240894927e-01, 2.2109271688735195e+01,
       2.8454070899075329e-01, 6.3816595013914306e-03,
       -1.5144128964443910e+00, 2.3179151299872558e+00,
       2.2835160619742880e+00, 2.3194144136015364e+01,
       2.6195739297433718e-01, 1.0192870148859134e-01,
       -1.5020554839757081e+00, -4.0371106392584535e+00,
       2.0236704455805214e+00, 2.3734169076311638e+01,
       3.5214637942554300e-01, 9.1642647163236349e-02,
       -1.9447051173649759e+00, -5.0585087090624112e+00,
       3.0264052353273980e+00, 2.4153869116557132e+01,
       2.5494036855435198e-01, 2.9326283953298293e-01,
       -1.7794507711164393e+00, -6.1442534488411402e+00,
       1.2762660958328444e+00, 2.4463993524007257e+01,
       2.3007836305010171e-01, -1.7797437267998359e-01,
       -8.2770242578489320e-02, -6.1270886101070259e+00,
       -3.1399962068431919e+00, 2.0182711365773983e+01 ]
image_points: !!opencv-matrix
   rows: 15
   cols: 54
   dt: "2f"
   data: [ 3.85540527e+02, 2.92329742e+02, 3.57205444e+02,
       2.91430969e+02, 3.28672882e+02, 2.90721893e+02, 3.00194977e+02,
       2.89806396e+02, 2.71404449e+02, 2.89212189e+02, 2.42159286e+02,
       2.88424896e+02, 2.12418823e+02, 2.87589050e+02, 1.82183777e+02,
       2.86917480e+02, 1.51562057e+02, 2.86210571e+02, 3.85637115e+02,
       2.64147461e+02, 3.57506470e+02, 2.63254028e+02, 3.29347778e+02,
       2.62488953e+02, 3.00968018e+02, 2.61492004e+02, 2.72485352e+02,
       2.60566956e+02, 2.43462082e+02, 2.59594025e+02, 2.13701706e+02,
       2.58559448e+02, 1.83652115e+02, 2.57609497e+02, 1.53350204e+02,
       2.56579102e+02, 3.85542114e+02, 2.36329239e+02, 3.57614197e+02,
       2.35561676e+02, 3.29739777e+02, 2.34443085e+02, 3.01921265e+02,
       2.33315140e+02, 2.73471771e+02, 2.32104446e+02, 2.44610046e+02,
       2.30929047e+02, 2.15063339e+02, 2.29552780e+02, 1.85184586e+02,
       2.28381851e+02, 1.54730148e+02, 2.27281067e+02, 3.85731506e+02,
       2.09270340e+02, 3.58334045e+02, 2.07964569e+02, 3.30688080e+02,
       2.06687836e+02, 3.02828705e+02, 2.05424210e+02, 2.74526245e+02,
       2.03839203e+02, 2.45599548e+02, 2.02432358e+02, 2.16313141e+02,
       2.00977936e+02, 1.86285477e+02, 1.99435150e+02, 1.56120392e+02,
       1.97908035e+02, 3.87635620e+02, 1.81475067e+02, 3.59784210e+02,
       1.79997192e+02, 3.31859070e+02, 1.78496918e+02, 3.04083252e+02,
       1.77086563e+02, 2.75613464e+02, 1.75406525e+02, 2.46743759e+02,
       1.73599487e+02, 2.17391449e+02, 1.71770264e+02, 1.87437042e+02,
       1.70115723e+02, 1.57161255e+02, 1.68479446e+02, 3.90476044e+02,
       1.53279068e+02, 3.62043823e+02, 1.51566818e+02, 3.33649933e+02,
       1.49962402e+02, 3.05489777e+02, 1.48325790e+02, 2.76896606e+02,
       1.46339310e+02, 2.47704620e+02, 1.44495865e+02, 2.18452957e+02,
       1.42730743e+02, 1.88480957e+02, 1.40631805e+02, 1.57977905e+02,
       1.38973419e+02, 3.74509247e+02, 2.77268402e+02, 3.46809357e+02,
       2.75730652e+02, 3.19080414e+02, 2.74528839e+02, 2.90993500e+02,
       2.73363464e+02, 2.62702393e+02, 2.72131256e+02, 2.33858597e+02,
       2.71080902e+02, 2.04727661e+02, 2.70045898e+02, 1.74715118e+02,
       2.69339722e+02, 1.44560699e+02, 2.68209229e+02, 3.75682068e+02,
       2.49453674e+02, 3.48180939e+02, 2.48128372e+02, 3.20473206e+02,
       2.46711838e+02, 2.92470184e+02, 2.45467941e+02, 2.64160797e+02,
       2.44046219e+02, 2.35348297e+02, 2.42802704e+02, 2.05976730e+02,
       2.41705261e+02, 1.75738968e+02, 2.40534271e+02, 1.45535339e+02,
       2.39415344e+02, 3.77078613e+02, 2.21588379e+02, 3.49522278e+02,
       2.20342911e+02, 3.21895935e+02, 2.18857819e+02, 2.94334229e+02,
       2.17521988e+02, 2.65747955e+02, 2.16339325e+02, 2.36806839e+02,
       2.15300507e+02, 2.07014175e+02, 2.13803787e+02, 1.76709747e+02,
       2.12387451e+02, 1.45685577e+02, 2.10783844e+02, 3.79451263e+02,
       1.94272583e+02, 3.51883301e+02, 1.92670700e+02, 3.24409485e+02,
       1.91277557e+02, 2.96253937e+02, 1.89732254e+02, 2.67552124e+02,
       1.88390335e+02, 2.38184265e+02, 1.86957870e+02, 2.08290237e+02,
       1.85535904e+02, 1.77351212e+02, 1.84025772e+02, 1.45636169e+02,
       1.82390976e+02, 3.83150543e+02, 1.66683197e+02, 3.55355652e+02,
       1.64995743e+02, 3.27238190e+02, 1.63420654e+02, 2.98575226e+02,
       1.61464371e+02, 2.69559296e+02, 1.59614532e+02, 2.39818283e+02,
       1.57830139e+02, 2.09388199e+02, 1.55999252e+02, 1.78218643e+02,
       1.53890793e+02, 1.46680603e+02, 1.52392899e+02, 3.87346130e+02,
       1.38495407e+02, 3.59159515e+02, 1.36541122e+02, 3.30322205e+02,
       1.34267654e+02, 3.01230530e+02, 1.32155579e+02, 2.71586182e+02,
       1.29973175e+02, 2.41409760e+02, 1.27619164e+02, 2.10492691e+02,
       1.25508301e+02, 1.79020752e+02, 1.23378815e+02, 1.47279892e+02,
       1.21233307e+02, 3.02327454e+02, 3.12692871e+02, 2.79059082e+02,
       3.00558533e+02, 2.54726669e+02, 2.88351959e+02, 2.30153000e+02,
       2.76263336e+02, 2.04634888e+02, 2.63563904e+02, 1.78447891e+02,
       2.50352936e+02, 1.51634201e+02, 2.36444885e+02, 1.24458183e+02,
       2.22248444e+02, 9.70005646e+01, 2.07807343e+02, 3.16232941e+02,
       2.89232269e+02, 2.92744537e+02, 2.76790497e+02, 2.68940826e+02,
