%YAML:1.0
calibration_time: "mar 08 lug 2014 09:23:00 CEST"
nframes: 15
image_width: 640
image_height: 480
board_width: 9
board_height: 6
square_size: 1.
flags: 0
camera_matrix: !!opencv-matrix
   rows: 3
   cols: 3
   dt: d
   data: [ 6.8390196291808718e+02, 0., 3.5405313371168694e+02, 0.,
       6.7459632704826356e+02, 1.9301123193554034e+02, 0., 0., 1. ]
distortion_coefficients: !!opencv-matrix
   rows: 5
   cols: 1
   dt: d
   data: [ -1.4225892630128839e-01, 7.7336251639418452e-01,
       -2.0506203435109029e-02, 4.2774889812854724e-02,
       -3.7138698481322530e-01 ]
avg_reprojection_error: 1.5151984475703826e+00
per_view_reprojection_errors: !!opencv-matrix
   rows: 15
   cols: 1
   dt: f
   data: [ 3.45438719e-01, 4.32345390e-01, 5.92439413e-01,
       4.71843272e-01, 7.08658516e-01, 5.55100322e-01, 8.16055357e-01,
       5.52547514e-01, 6.26247764e-01, 3.99578750e-01, 5.49833119e-01,
       1.75092077e+00, 4.53273439e+00, 2.00315142e+00, 1.81597042e+00 ]
# a set of 6-tuples (rotation vector + translation vector) for each view
extrinsic_parameters: !!opencv-matrix
   rows: 15
   cols: 6
   dt: d
   data: [ -6.6987803823922221e-02, 1.5058652790456891e-02,
       6.5733483641783927e-02, -2.8365879931127229e+00,
       -8.7807636832146374e-01, 3.3431337481919712e+01,
       -2.7913372744365703e-02, -2.6196237920560701e-02,
       2.8289327981700637e-02, 6.7715250956449580e-01,
       -1.1507031666421954e+00, 3.2616716945076540e+01,
       -6.3559417001044338e-02, -1.3762254660256579e-01,
       -2.5254592729760765e-02, 1.1592261541279898e+00,
       -5.0971086717703660e+00, 3.3472079403689087e+01,
       -1.6300687810874237e-01, -8.4530172653363600e-02,
       4.1872209743730592e-02, -9.8583095776955751e+00,
       -7.1600458370941578e+00, 3.5638191427212654e+01,
       -2.1915157912247468e-01, -3.9596659424155210e-02,
       5.0368583113054206e-02, -1.3466339753806537e+01,
       -6.3404283402056247e+00, 3.5276666652281570e+01,
       -2.4012780413689336e-01, 1.4115295698022680e-02,
       -1.7136835892267482e-01, -1.4312196089545123e+01,
       -1.8637549631898498e+00, 3.5156759988117962e+01,
       1.1487113413483126e-01, -1.9042398699760862e-01,
       -1.2529937774400763e+00, -1.7033457728636001e+00,
       5.2258757264523581e+00, 3.2239645338966113e+01,
       -3.5105647826220510e-01, 2.3911280673979060e-01,
       -1.6975957120849361e+00, 1.3913835714444391e+00,
       6.7363824729458175e+00, 3.3920813378476623e+01,
       -1.2751124822319887e-01, -2.5762098599432237e-01,
       -2.9078201610071286e+00, 1.1465141336140835e+01,
       8.6668465919924529e+00, 3.1634451622316956e+01,
       2.9656016184340001e-01, 1.6761922093254003e-01,
       3.0737709646963252e+00, 6.9784908048643057e+00,
       7.2287828602202922e+00, 3.3095695166677309e+01,
       -2.2737175205901289e-01, -6.2897162512938545e-02,
       -3.1283205306867790e+00, 1.7863848493499068e+00,
       8.9383571701747702e+00, 3.4946449553498041e+01,
       -3.6446703778064765e-01, 3.6714580291131654e-01,
       -2.2224361487201594e+00, -6.2355437758844046e+00,
       8.3343344223326667e+00, 3.7872197471342709e+01,
       -4.0507415636628274e-01, 6.2502933178446130e-01,
       -1.9290627407279548e+00, -6.9753659901249510e+00,
       7.8260010686727624e+00, 3.9139865945015771e+01,
       -3.5214996205889010e-01, 2.9140180188797332e-01,
       -1.6025751641383408e+00, -1.0637746125280875e+01,
       1.0679906636543466e+01, 3.6982708714865609e+01,
       -2.5454211347746492e-01, 3.6658511960934803e-01,
       -1.5130106607112250e+00, -9.4017573158079859e+00,
       7.6227412558106424e+00, 3.8191389099410308e+01 ]
image_points: !!opencv-matrix
   rows: 15
   cols: 54
   dt: "2f"
   data: [ 2.96268127e+02, 1.75465073e+02, 3.16527618e+02,
       1.76783661e+02, 3.37186615e+02, 1.78112854e+02, 3.57477142e+02,
       1.79471756e+02, 3.77727570e+02, 1.80520416e+02, 3.98463287e+02,
       1.81902023e+02, 4.19446777e+02, 1.83084976e+02, 4.40468781e+02,
       1.84109924e+02, 4.61706635e+02, 1.85440567e+02, 2.94800201e+02,
       1.95593842e+02, 3.15341431e+02, 1.96598495e+02, 3.35532776e+02,
       1.97873749e+02, 3.55747040e+02, 1.99417755e+02, 3.76420227e+02,
       2.00978928e+02, 3.97323700e+02, 2.02310455e+02, 4.17936249e+02,
       2.03601410e+02, 4.39124359e+02, 2.04631226e+02, 4.60192902e+02,
       2.05945831e+02, 2.93672577e+02, 2.15466064e+02, 3.13832916e+02,
       2.16810242e+02, 3.34068512e+02, 2.18280396e+02, 3.54503540e+02,
       2.19479431e+02, 3.75334442e+02, 2.20674301e+02, 3.96170258e+02,
       2.22181015e+02, 4.16982452e+02, 2.23587143e+02, 4.37746124e+02,
       2.25099197e+02, 4.59075409e+02, 2.26437363e+02, 2.92444733e+02,
       2.35381119e+02, 3.13012573e+02, 2.36495392e+02, 3.32916046e+02,
       2.37956451e+02, 3.53395660e+02, 2.39415344e+02, 3.73823578e+02,
       2.41056396e+02, 3.94843781e+02, 2.42478256e+02, 4.15731415e+02,
       2.43811035e+02, 4.37168823e+02, 2.45360794e+02, 4.57789612e+02,
       2.46810898e+02, 2.91458374e+02, 2.55022675e+02, 3.11557800e+02,
       2.56405884e+02, 3.31824707e+02, 2.57852600e+02, 3.52170349e+02,
       2.59503479e+02, 3.72728485e+02, 2.60551392e+02, 3.93446777e+02,
       2.62372467e+02, 4.14320862e+02, 2.64345734e+02, 4.35657166e+02,
       2.65602905e+02, 4.57386658e+02, 2.67285339e+02, 2.90011414e+02,
       2.75287903e+02, 3.10254364e+02, 2.76465271e+02, 3.30448669e+02,
       2.77794922e+02, 3.51105743e+02, 2.79365997e+02, 3.71327820e+02,
       2.80792236e+02, 3.92131470e+02, 2.82366608e+02, 4.12860352e+02,
       2.83844757e+02, 4.33989594e+02, 2.85420013e+02, 4.55371552e+02,
       2.86899963e+02, 3.68003326e+02, 1.69090744e+02, 3.89335205e+02,
       1.69555511e+02, 4.10561615e+02, 1.69894211e+02, 4.31803833e+02,
       1.70460693e+02, 4.53161560e+02, 1.71067566e+02, 4.74884155e+02,
       1.71474472e+02, 4.96441498e+02, 1.71921921e+02, 5.18471375e+02,
       1.72221039e+02, 5.40445862e+02, 1.72817551e+02, 3.67378815e+02,
       1.89886475e+02, 3.88896454e+02, 1.90446976e+02, 4.10145599e+02,
       1.91048431e+02, 4.31348602e+02, 1.91450211e+02, 4.52696350e+02,
       1.91808884e+02, 4.73956635e+02, 1.92582047e+02, 4.95236450e+02,
       1.93198593e+02, 5.16861206e+02, 1.93380188e+02, 5.38644470e+02,
       1.93861511e+02, 3.67059967e+02, 2.10774796e+02, 3.88346527e+02,
       2.11303833e+02, 4.09654877e+02, 2.11737946e+02, 4.30945160e+02,
       2.12256989e+02, 4.52622742e+02, 2.12769302e+02, 4.73807678e+02,
       2.13411179e+02, 4.95367737e+02, 2.13829590e+02, 5.16600281e+02,
       2.14307724e+02, 5.37870422e+02, 2.14783691e+02, 3.66554138e+02,
       2.31396973e+02, 3.87851990e+02, 2.31778122e+02, 4.08894196e+02,
       2.32385147e+02, 4.30320923e+02, 2.32832748e+02, 4.51661896e+02,
       2.33559311e+02, 4.73732483e+02, 2.34050156e+02, 4.95196320e+02,
       2.34567245e+02, 5.16962158e+02, 2.35183609e+02, 5.38015625e+02,
       2.35630676e+02, 3.66246490e+02, 2.51723465e+02, 3.87140656e+02,
       2.52352097e+02, 4.08564148e+02, 2.52757416e+02, 4.29514160e+02,
       2.53530823e+02, 4.51036652e+02, 2.53859070e+02, 4.72552856e+02,
       2.54648270e+02, 4.94527039e+02, 2.55331482e+02, 5.16438721e+02,
       2.55841156e+02, 5.38643372e+02, 2.56483795e+02, 3.65787201e+02,
       2.72644592e+02, 3.86803070e+02, 2.73038422e+02, 4.07900085e+02,
       2.73592194e+02, 4.29103088e+02, 2.73819550e+02, 4.50149750e+02,
       2.74490295e+02, 4.71652740e+02, 2.74989044e+02, 4.93035431e+02,
       2.75731964e+02, 5.14661987e+02, 2.75936279e+02, 5.36100464e+02,
       2.76524658e+02, 3.77901337e+02, 8.89491730e+01, 3.98949860e+02,
       8.90468445e+01, 4.19186584e+02, 8.86770248e+01, 4.39606598e+02,
       8.83649139e+01, 4.59624329e+02, 8.81960831e+01, 4.79876556e+02,
       8.77896652e+01, 5.00134064e+02, 8.74955292e+01, 5.20471008e+02,
       8.70385208e+01, 5.40475342e+02, 8.67249069e+01, 3.78676392e+02,
       1.09604286e+02, 3.99574371e+02, 1.09357407e+02, 4.19810333e+02,
