%YAML:1.0
calibration_time: "mer 25 giu 2014 16:12:01 CEST"
nframes: 15
image_width: 640
image_height: 480
board_width: 9
board_height: 6
square_size: 1.
flags: 0
camera_matrix: !!opencv-matrix
   rows: 3
   cols: 3
   dt: d
   data: [ 1.6157131576467384e+03, 0., 3.0077761520789198e+02, 0.,
       1.6157566299100527e+03, 2.4040891403245635e+02, 0., 0., 1. ]
distortion_coefficients: !!opencv-matrix
   rows: 5
   cols: 1
   dt: d
   data: [ -3.9035852002191163e-01, 4.6776942503740706e+01,
       -3.7876453632999643e-02, 5.7693672325390320e-02,
       -4.9061824586785167e+02 ]
avg_reprojection_error: 2.8768055032882578e+00
per_view_reprojection_errors: !!opencv-matrix
   rows: 15
   cols: 1
   dt: f
   data: [ 1.06858063e+00, 9.52820122e-01, 7.48199165e-01,
       6.33742630e-01, 7.61040032e-01, 1.10451949e+00, 1.82207239e+00,
       3.03206110e+00, 5.14049768e+00, 8.63993931e+00, 1.05201602e+00,
       7.18350291e-01, 1.70956814e+00, 7.59905100e-01, 7.87643671e-01 ]
# a set of 6-tuples (rotation vector + translation vector) for each view
extrinsic_parameters: !!opencv-matrix
   rows: 15
   cols: 6
   dt: d
   data: [ -1.0147196375571173e-01, 7.2296801583018044e-02,
       3.1266671460691575e+00, 2.3076184239045410e+00,
       3.7894706069218800e+00, 3.3892482418640384e+01,
       1.9894037027265506e-02, -1.9204553679245204e-01,
       1.7038146480821466e+00, 8.4188918551368497e-01,
       -2.2819961612798916e+00, 3.9006002321608833e+01,
       2.3402145159831272e-02, -1.7847657374195455e-01,
       1.5134850388696472e+00, 1.4404424372761855e+00,
       -3.1781739762866774e+00, 4.3916899879626868e+01,
       -1.2673696991342527e-02, 9.2506986169532346e-02,
       9.0893587043426916e-01, 4.6058012582554986e-02,
       -3.6399820491904546e+00, 4.2570270576521693e+01,
       1.5337420340950669e-01, 1.7573288465897335e-01,
       -1.6350822498630941e+00, -3.3421134915793642e+00,
       4.8504059377292048e+00, 4.1950461826846762e+01,
       2.3205127363423214e-01, 7.5585587442665442e-02,
       -1.5123730711706034e+00, -3.7291636647650694e+00,
       4.5063041525538141e+00, 4.2753153611716534e+01,
       1.4134966287349837e-01, 3.4874211903055657e-01,
       -7.9329717061376404e-01, -5.7562240930961837e+00,
       4.2596359142173267e-02, 4.3376177805742103e+01,
       1.2400152255682821e-01, 4.9167864794621563e-01,
       -3.6375122619459327e-01, -6.1432562841182294e+00,
       -8.0669965629881635e-01, 4.6599627664763538e+01,
       -1.5132937103714478e-01, 7.4830912408916428e-01,
       -2.0933435027001368e-01, -6.3770183420698441e+00,
       -8.0041482922530827e-01, 4.8600206619509848e+01,
       3.5453206142877774e-01, -1.0215255739738538e+00,
       -2.4204345724465259e-01, -4.9762770050162519e+00,
       2.9476293488146965e-01, 4.1802083969105389e+01,
       -1.1791131107664753e-01, 1.9128902494784575e-01,
       1.6157995214154470e+00, -1.3176477725927851e+00,
       -2.1703693881655406e+00, 4.0680879642087362e+01,
       -3.0844597774633210e-02, 1.5669988589988779e-01,
       1.5599314203495662e+00, -1.5976192916351675e+00,
       -1.9272962650960752e+00, 4.5122866364315328e+01,
       -1.5596789135183234e-01, 2.5446361702222303e-01,
       -1.3204180593529116e-02, -4.8098775348179679e+00,
       -5.3053285156335095e-01, 4.7899596527576144e+01,
       -1.3426827905294147e-01, -9.8897583638900499e-02,
       -3.3538374711325802e-01, -2.5446573773978147e+00,
       1.2350843916006660e-01, 5.0488475415507779e+01,
       1.9415765796138298e-01, -1.2489218061742760e-01,
       -1.0588699371788586e+00, -8.2042166443905595e-01,
       2.2991936957058208e+00, 4.9743740846040886e+01 ]
image_points: !!opencv-matrix
   rows: 15
   cols: 54
   dt: "2f"
   data: [ 4.12655548e+02, 4.21600769e+02, 3.64463593e+02,
       4.21649414e+02, 3.16795044e+02, 4.21577545e+02, 2.69192261e+02,
       4.21701965e+02, 2.21833344e+02, 4.21988831e+02, 1.74431900e+02,
       4.22388824e+02, 1.26969460e+02, 4.23085999e+02, 7.92419205e+01,
       4.23581482e+02, 3.18061905e+01, 4.24171783e+02, 4.11018280e+02,
       3.72845886e+02, 3.63670135e+02, 3.73550995e+02, 3.15917145e+02,
       3.74203705e+02, 2.68433624e+02, 3.74452087e+02, 2.21092514e+02,
       3.74671112e+02, 1.73450119e+02, 3.75253448e+02, 1.25703758e+02,
       3.76109863e+02, 7.78981018e+01, 3.76636902e+02, 3.05847797e+01,
       3.76935791e+02, 4.09132538e+02, 3.24501984e+02, 3.62354126e+02,
       3.25219788e+02, 3.15295685e+02, 3.26006897e+02, 2.67808044e+02,
       3.26535553e+02, 2.20329834e+02, 3.26915802e+02, 1.72749908e+02,
       3.27418884e+02, 1.25108482e+02, 3.28071625e+02, 7.74213333e+01,
       3.28615082e+02, 3.03102398e+01, 3.28953339e+02, 4.08121338e+02,
       2.77466339e+02, 3.61597778e+02, 2.77903870e+02, 3.14626343e+02,
       2.78447540e+02, 2.67321320e+02, 2.79065948e+02, 2.19779190e+02,
       2.79421295e+02, 1.72361496e+02, 2.80024628e+02, 1.24653717e+02,
       2.80432007e+02, 7.67425003e+01, 2.81003662e+02, 3.03301582e+01,
       2.81357391e+02, 4.07122559e+02, 2.30590210e+02, 3.60819183e+02,
       2.30734818e+02, 3.13961029e+02, 2.31100296e+02, 2.66859100e+02,
       2.31338303e+02, 2.19339218e+02, 2.31790436e+02, 1.71836121e+02,
       2.32341949e+02, 1.24127556e+02, 2.32726593e+02, 7.62608337e+01,
       2.33270355e+02, 2.89872742e+01, 2.33623596e+02, 4.06379639e+02,
       1.83675430e+02, 3.60027466e+02, 1.83743225e+02, 3.13326477e+02,
       1.83731842e+02, 2.66274384e+02, 1.83876541e+02, 2.18905212e+02,
       1.84287827e+02, 1.71368637e+02, 1.84686340e+02, 1.23510017e+02,
       1.84887314e+02, 7.53397217e+01, 1.85174774e+02, 2.83120251e+01,
       1.85684296e+02, 3.35936096e+02, 1.45330490e+02, 3.29797455e+02,
       1.87103500e+02, 3.23796600e+02, 2.27809204e+02, 3.18057770e+02,
       2.67897949e+02, 3.12384918e+02, 3.07399078e+02, 3.07005554e+02,
       3.46123108e+02, 3.01655457e+02, 3.84528137e+02, 2.96380493e+02,
       4.23056641e+02, 2.91300049e+02, 4.61212830e+02, 2.94646667e+02,
       1.39692474e+02, 2.88570587e+02, 1.81285309e+02, 2.82863220e+02,
       2.22380707e+02, 2.77453125e+02, 2.62797272e+02, 2.72156891e+02,
       3.02453796e+02, 2.66871155e+02, 3.41729584e+02, 2.61851929e+02,
       3.80468292e+02, 2.56669708e+02, 4.19182526e+02, 2.51764374e+02,
       4.57319672e+02, 2.53805939e+02, 1.34472961e+02, 2.47853165e+02,
       1.75600845e+02, 2.41901520e+02, 2.16447968e+02, 2.36554886e+02,
       2.57219055e+02, 2.31213379e+02, 2.97253235e+02, 2.26273209e+02,
       3.36834076e+02, 2.21457321e+02, 3.75977966e+02, 2.16567322e+02,
       4.14584015e+02, 2.11677551e+02, 4.53281158e+02, 2.13610489e+02,
       1.28991669e+02, 2.07485245e+02, 1.69804749e+02, 2.01576538e+02,
       2.10567627e+02, 1.96285034e+02, 2.51189102e+02, 1.90850403e+02,
       2.91551483e+02, 1.85993179e+02, 3.31329346e+02, 1.81201035e+02,
       3.70736481e+02, 1.76432648e+02, 4.10070923e+02, 1.71932327e+02,
       4.48568665e+02, 1.73773621e+02, 1.23233055e+02, 1.67366989e+02,
       1.63980576e+02, 1.61510605e+02, 2.04756729e+02, 1.56061707e+02,
       2.45385269e+02, 1.50698532e+02, 2.85557831e+02, 1.45637299e+02,
       3.25628021e+02, 1.40748352e+02, 3.65459930e+02, 1.35974777e+02,
       4.05188660e+02, 1.31443497e+02, 4.43938965e+02, 1.33604568e+02,
       1.17574379e+02, 1.27582954e+02, 1.58393951e+02, 1.21598526e+02,
       1.98747833e+02, 1.15791618e+02, 2.39303894e+02, 1.10538605e+02,
       2.79622620e+02, 1.05582481e+02, 3.19763367e+02, 1.00590912e+02,
       3.59553284e+02, 9.55603256e+01, 3.99648041e+02, 9.07236557e+01,
       4.39027069e+02, 3.54004303e+02, 1.23778107e+02, 3.55497101e+02,
       1.60632111e+02, 3.57097595e+02, 1.97193710e+02, 3.58575073e+02,
       2.33033142e+02, 3.60369019e+02, 2.68633728e+02, 3.61734253e+02,
       3.04251617e+02, 3.63331818e+02, 3.39183014e+02, 3.65169739e+02,
       3.74352356e+02, 3.66989807e+02, 4.09256104e+02, 3.17546631e+02,
       1.25707893e+02, 3.19300323e+02, 1.62398788e+02, 3.21088531e+02,
