%YAML:1.0
calibration_time: "Sun May 18 21:08:06 2014"
nframes: 15
image_width: 640
image_height: 480
board_width: 9
board_height: 6
square_size: 1.
flags: 0
camera_matrix: !!opencv-matrix
   rows: 3
   cols: 3
   dt: d
   data: [ 6.5466227642570607e+02, 0., 3.2517484419799956e+02, 0.,
       6.5371080329196639e+02, 2.3158848652828686e+02, 0., 0., 1. ]
distortion_coefficients: !!opencv-matrix
   rows: 5
   cols: 1
   dt: d
   data: [ 4.2828593263509313e-01, -3.2954875724046886e+00,
       2.9881630010961303e-04, 6.6276129050136436e-03,
       6.7048132067541122e+00 ]
avg_reprojection_error: 6.4396335441115604e-01
per_view_reprojection_errors: !!opencv-matrix
   rows: 15
   cols: 1
   dt: f
   data: [ 7.59309053e-01, 6.83452189e-01, 4.64850038e-01,
       3.13746035e-01, 5.43635905e-01, 6.31642520e-01, 3.44126791e-01,
       4.57741529e-01, 4.23244745e-01, 6.46685958e-01, 2.71207094e-01,
       2.44674623e-01, 2.76806086e-01, 7.88988292e-01, 1.55235565e+00 ]
# a set of 6-tuples (rotation vector + translation vector) for each view
extrinsic_parameters: !!opencv-matrix
   rows: 15
   cols: 6
   dt: d
   data: [ 1.3653085519115080e-01, -8.8621922069736081e-01,
       -2.9765085811231149e+00, 2.2441918080928631e+00,
       4.0734106918724295e+00, 1.6395713711393906e+01,
       3.8314273227522858e-02, -7.1441001015454850e-02,
       2.3072743996527296e+00, 2.1117656037699799e+00,
       -1.2200729116250453e+00, 1.4249304359618172e+01,
       -6.7104122189554111e-02, -1.5411712957234439e-01,
       2.2593454478776218e+00, 2.2699597364928734e+00,
       -6.2378122936484016e-02, 1.7169514698276643e+01,
       6.5414951901919385e-02, -9.4789090780154364e-02,
       1.6301598079579624e+00, 1.6592472471033287e-01,
       -2.8902448722142644e+00, 1.6088165257337277e+01,
       1.5978691970808451e-01, 2.6063626481828743e-02,
       1.1993452647101979e+00, 1.7500734550812538e-01,
       -3.6987247607516056e+00, 1.5763506779810687e+01,
       -3.0595125667426590e-02, 9.6988273858368990e-03,
       4.2391021520838462e-01, -2.1680351533361923e+00,
       -3.3207305295943024e+00, 1.7926199415297102e+01,
       -2.0222689184939361e-02, 6.7040082998547953e-02,
       1.7250170496779360e-01, -3.2222241192095842e+00,
       -3.0258401159474113e+00, 1.9349618515867395e+01,
       -3.3289944713789245e-02, 3.0397186541169353e-04,
       -3.2948882851419442e-01, -2.5396192285858219e+00,
       -1.0199296435444076e+00, 1.8805653049739799e+01,
       -1.8043190949135404e-01, 8.9434858214005500e-02,
       -3.1019709890981961e-01, -1.1337227067369495e+00,
       -4.7356907777800283e-01, 2.0512317204387443e+01,
       6.2040464192226349e-02, -3.1300711377591411e-02,
       1.4454631053351108e-01, -1.9909251545337965e+00,
       -1.3536795777941049e+00, 1.8427596616984008e+01,
       -3.6108220980706603e-02, -1.5017949887594476e-02,
       8.6647379597728857e-01, -1.2935235472476254e+00,
       -3.6858762579892663e+00, 1.8033547877199432e+01,
       -2.3186861075347107e-02, -6.8448214383849404e-02,
       1.1794065527097284e+00, -3.4867247989077477e-01,
       -4.2170398688397945e+00, 1.8242945086425152e+01,
       3.4835526314621286e-02, -7.8526495760878695e-02,
       1.2697957785910361e+00, 8.5079673275383780e-02,
       -4.1180135728238749e+00, 1.7811794556296533e+01,
       3.5414862346924864e-01, -4.1221990382035972e-01,
       1.4431011476668096e+00, 1.1814103611555691e+00,
       -3.3118863904869160e+00, 1.5129998614941028e+01,
       6.0268224516254776e-01, -6.1691837595274512e-01,
       1.4510815935339973e+00, 1.5848793525800882e+00,
       -1.5187659692809343e+00, 1.3372124565089308e+01 ]
image_points: !!opencv-matrix
   rows: 15
   cols: 54
   dt: "2f"
   data: [ 4.16671051e+02, 3.95813446e+02, 3.76575104e+02,
       3.94747040e+02, 3.35808685e+02, 3.93837616e+02, 2.95389862e+02,
       3.92192505e+02, 2.54126160e+02, 3.90413757e+02, 2.12635345e+02,
       3.88094879e+02, 1.70565445e+02, 3.85795227e+02, 1.28488297e+02,
       3.83693085e+02, 8.60884933e+01, 3.80980896e+02, 4.13690613e+02,
       3.57689056e+02, 3.74596802e+02, 3.56368347e+02, 3.35602966e+02,
       3.55428253e+02, 2.96459412e+02, 3.53452972e+02, 2.56797089e+02,
       3.51834656e+02, 2.16689941e+02, 3.49542084e+02, 1.76085175e+02,
       3.47665741e+02, 1.35112488e+02, 3.45689728e+02, 9.43655853e+01,
       3.43091827e+02, 4.10165833e+02, 3.22856415e+02, 3.72714752e+02,
       3.20901154e+02, 3.35312225e+02, 3.19337433e+02, 2.97556213e+02,
       3.17514618e+02, 2.59314606e+02, 3.15814270e+02, 2.20587479e+02,
       3.13656036e+02, 1.81231613e+02, 3.11792969e+02, 1.41495667e+02,
       3.09788910e+02, 1.01898895e+02, 3.07450531e+02, 4.07837219e+02,
       2.88920898e+02, 3.71541718e+02, 2.86513641e+02, 3.35323212e+02,
       2.84820404e+02, 2.98536621e+02, 2.83675537e+02, 2.61612061e+02,
       2.82286835e+02, 2.24072098e+02, 2.80429443e+02, 1.86105545e+02,
       2.78087646e+02, 1.47454041e+02, 2.75966339e+02, 1.09080818e+02,
       2.73745697e+02, 4.05556519e+02, 2.56877045e+02, 3.70555603e+02,
       2.54513672e+02, 3.35176422e+02, 2.53298615e+02, 2.99634277e+02,
       2.51753159e+02, 2.63697784e+02, 2.50310684e+02, 2.27473618e+02,
       2.48263947e+02, 1.90536438e+02, 2.46187286e+02, 1.53193649e+02,
       2.43899460e+02, 1.15834152e+02, 2.41738571e+02, 4.03515228e+02,
       2.26679581e+02, 3.69460907e+02, 2.24271561e+02, 3.35305634e+02,
       2.22444794e+02, 3.00574615e+02, 2.21273438e+02, 2.65732666e+02,
       2.19583633e+02, 2.30501266e+02, 2.17638687e+02, 1.94595108e+02,
       2.15536026e+02, 1.58445618e+02, 2.13491058e+02, 1.22302322e+02,
       2.11372589e+02, 4.23795929e+02, 1.75152405e+02, 3.91698242e+02,
       2.09773727e+02, 3.60375153e+02, 2.43488235e+02, 3.29563843e+02,
       2.77412170e+02, 2.99145142e+02, 3.10518707e+02, 2.68495453e+02,
       3.43898621e+02, 2.38251068e+02, 3.77224152e+02, 2.08265747e+02,
       4.09953461e+02, 1.79492203e+02, 4.41316132e+02, 3.89555420e+02,
       1.43527557e+02, 3.57884064e+02, 1.78613037e+02, 3.26693115e+02,
       2.12757553e+02, 2.96063568e+02, 2.46785461e+02, 2.65144409e+02,
       2.80478088e+02, 2.34779617e+02, 3.13961365e+02, 2.04046631e+02,
       3.47711029e+02, 1.74142883e+02, 3.80757874e+02, 1.45051819e+02,
       4.12607727e+02, 3.54957275e+02, 1.11690948e+02, 3.23150726e+02,
       1.46991791e+02, 2.92327698e+02, 1.81454498e+02, 2.61502136e+02,
       2.15635117e+02, 2.30700623e+02, 2.49672852e+02, 1.99727875e+02,
       2.83631500e+02, 1.69165283e+02, 3.17505493e+02, 1.39146622e+02,
       3.50755066e+02, 1.10490547e+02, 3.83105377e+02, 3.20345520e+02,
       7.96088257e+01, 2.88604919e+02, 1.14930595e+02, 2.57556763e+02,
       1.49772583e+02, 2.26522934e+02, 1.84509613e+02, 1.95594376e+02,
       2.18734192e+02, 1.65140518e+02, 2.52710770e+02, 1.34727173e+02,
       2.86801239e+02, 1.05076668e+02, 3.20240906e+02, 7.65620880e+01,
       3.53311310e+02, 2.85362335e+02, 4.77453423e+01, 2.53763443e+02,
       8.29024277e+01, 2.22713242e+02, 1.18072136e+02, 1.91567688e+02,
       1.52822342e+02, 1.60748383e+02, 1.87543137e+02, 1.30397934e+02,
       2.21646561e+02, 1.00753487e+02, 2.55815231e+02, 7.16913681e+01,
       2.89516296e+02, 4.29415016e+01, 3.22569763e+02, 2.50728210e+02,
       1.68170586e+01, 2.19263260e+02, 5.19007835e+01, 1.88525864e+02,
       8.68302689e+01, 1.57783569e+02, 1.21774719e+02, 1.27560310e+02,
       1.56396973e+02, 9.77292938e+01, 1.90694412e+02, 6.86126404e+01,
       2.24729599e+02, 4.01298981e+01, 2.58458374e+02, 1.15829115e+01,
       2.91665894e+02, 4.12261505e+02, 2.29386703e+02, 3.87189575e+02,
       2.58767548e+02, 3.62880829e+02, 2.88048370e+02, 3.38675720e+02,
       3.17990784e+02, 3.14359894e+02, 3.47540466e+02, 2.89729553e+02,
       3.77204407e+02, 2.65492645e+02, 4.07004852e+02, 2.41083252e+02,
       4.36462433e+02, 2.17201248e+02, 4.64570282e+02, 3.83459656e+02,
       2.05091812e+02, 3.58570343e+02, 2.34721069e+02, 3.33822937e+02,
