%YAML:1.0
calibration_time: "Thu May 15 11:51:01 2014"
nframes: 15
image_width: 640
image_height: 480
board_width: 9
board_height: 6
square_size: 1.
flags: 0
camera_matrix: !!opencv-matrix
   rows: 3
   cols: 3
   dt: d
   data: [ 1.3264652532254247e+03, 0., 3.6813394312158221e+02, 0.,
       1.3204386468994244e+03, 2.8121227554724999e+02, 0., 0., 1. ]
distortion_coefficients: !!opencv-matrix
   rows: 5
   cols: 1
   dt: d
   data: [ 1.6707446262748368e-01, 1.4560923436820383e-01,
       1.3616343101412381e-02, 1.8377979722624178e-02,
       -4.7309941791990324e+00 ]
avg_reprojection_error: 6.9350143935833852e-01
per_view_reprojection_errors: !!opencv-matrix
   rows: 15
   cols: 1
   dt: f
   data: [ 6.01123691e-01, 4.42042470e-01, 4.09933209e-01,
       1.17089319e+00, 4.16957647e-01, 4.60040331e-01, 8.46095979e-01,
       4.33139563e-01, 7.83677340e-01, 9.54205573e-01, 1.17114329e+00,
       4.35985684e-01, 5.42666137e-01, 4.68792140e-01, 4.78357792e-01 ]
# a set of 6-tuples (rotation vector + translation vector) for each view
extrinsic_parameters: !!opencv-matrix
   rows: 15
   cols: 6
   dt: d
   data: [ 2.3875939670237162e-01, -1.3934677494484299e-01,
       1.5994543287920864e+00, 3.0113587361197780e+00,
       -4.3329187309475667e+00, 2.4831206598097921e+01,
       1.4734249063747809e-01, -2.5375776189862681e-01,
       1.2799908740600245e+00, -1.5569556331157732e+00,
       -5.3227730653838075e+00, 2.5785827351328233e+01,
       9.2853590909629649e-02, -6.6631834933381970e-02,
       -2.7479799866726862e-01, -6.5323994088251958e+00,
       -1.4078041256506713e+00, 2.5649682163151638e+01,
       -6.6666876410097289e-02, 6.1795425749437936e-02,
       -9.3266651460941125e-02, -6.1318107292097910e+00,
       -1.6007309693614262e+00, 2.7445507215891588e+01,
       7.0984135888001010e-02, -2.0768667750593349e-02,
       1.7444956723854385e-01, -5.7897439465266816e+00,
       -4.4591307288045190e+00, 2.6519781706678998e+01,
       2.8857939520960729e-02, 5.3058184449233450e-02,
       -3.4823890072833416e-02, -3.6485172220684055e+00,
       -2.0152001141829805e+00, 2.7444281797323345e+01,
       3.0628296859457851e-02, 1.9967125644714490e-01,
       -1.5729654141510148e+00, -3.4378831592215300e+00,
       3.5389565993324403e+00, 2.6493203713279669e+01,
       7.2208809595252027e-02, 1.5182975352053094e-01,
       -1.5962188036984910e+00, -3.6295080016721784e+00,
       3.8183024862732733e+00, 2.6541232698979762e+01,
       -1.8090892851914644e-01, 2.1982624242256307e-01,
       -2.2124358672207074e+00, 1.4931530809661220e+00,
       3.5889833110573481e+00, 2.9184409284762172e+01,
       -1.5705052371429243e-01, 1.8705534151638994e-01,
       -2.2601687110630673e+00, 1.7017478251627955e+00,
       3.7213924925223116e+00, 2.9304988373189470e+01,
       -2.6457281395485194e-01, 3.0573607873931691e-01,
       -2.9931441943667489e+00, 2.4800744160489234e+00,
       1.2628501958292497e+00, 2.7482346635629344e+01,
       2.1376440796734883e-01, -6.3095568863470231e-02,
       3.0502943068560362e+00, 4.0841597311101658e+00,
       2.5130217310217677e+00, 2.8293233247678046e+01,
       1.1058182888785922e-01, -1.9925774799989199e-01,
       2.7323866584856735e+00, 4.8949242912707343e+00,
       -4.4219710706273058e-01, 2.9124982158989827e+01,
       1.2668843438144126e-01, -1.1515056412601885e-01,
       2.5409481521722532e+00, 3.0487563764387291e+00,
       -7.8706529896446675e-01, 2.9323979039439447e+01,
       1.6281167967210081e-01, -1.4589108372850532e-01,
       2.6029485708023556e+00, 3.0634536852856491e+00,
       -1.1716740107284285e+00, 2.8867757998775229e+01 ]
image_points: !!opencv-matrix
   rows: 15
   cols: 54
   dt: "2f"
   data: [ 5.30344788e+02, 4.99384117e+01, 5.27305359e+02,
       1.02810921e+02, 5.24202637e+02, 1.55368744e+02, 5.21609253e+02,
       2.06782013e+02, 5.18783997e+02, 2.57715118e+02, 5.16118958e+02,
       3.07920593e+02, 5.13271362e+02, 3.57293060e+02, 5.10418457e+02,
       4.05814789e+02, 5.07528290e+02, 4.53322296e+02, 4.76560394e+02,
       4.86479225e+01, 4.73735260e+02, 1.01646317e+02, 4.71355438e+02,
       1.53744827e+02, 4.68923492e+02, 2.04936462e+02, 4.66662140e+02,
       2.55676727e+02, 4.64183136e+02, 3.05538635e+02, 4.61741302e+02,
       3.54594208e+02, 4.59291656e+02, 4.03147858e+02, 4.56936859e+02,
       4.50692322e+02, 4.22624634e+02, 4.75381088e+01, 4.20734894e+02,
       1.00296120e+02, 4.18628632e+02, 1.52164780e+02, 4.16644989e+02,
       2.03229904e+02, 4.14538483e+02, 2.53775665e+02, 4.12635376e+02,
       3.03538086e+02, 4.10472290e+02, 3.52225586e+02, 4.08605988e+02,
       4.00227631e+02, 4.06496643e+02, 4.47161682e+02, 3.70109924e+02,
       4.61914825e+01, 3.68284576e+02, 9.88065872e+01, 3.66594818e+02,
       1.50807983e+02, 3.64882294e+02, 2.01584579e+02, 3.63380249e+02,
       2.51933746e+02, 3.61767639e+02, 3.00980774e+02, 3.60215424e+02,
       3.49498993e+02, 3.58604156e+02, 3.96831787e+02, 3.57303070e+02,
       4.43624908e+02, 3.17154022e+02, 4.51431694e+01, 3.15927856e+02,
       9.73531647e+01, 3.14723175e+02, 1.48980042e+02, 3.13551086e+02,
       1.99792404e+02, 3.12463593e+02, 2.49789062e+02, 3.11285309e+02,
       2.98849976e+02, 3.10296753e+02, 3.46799774e+02, 3.09122131e+02,
       3.94112549e+02, 3.08313385e+02, 4.40386932e+02, 2.64996002e+02,
       4.35643044e+01, 2.64202148e+02, 9.60825729e+01, 2.63325012e+02,
       1.47467590e+02, 2.62558807e+02, 1.97868927e+02, 2.61890442e+02,
       2.47598755e+02, 2.61099304e+02, 2.96484131e+02, 2.60552032e+02,
       3.44113617e+02, 2.59863312e+02, 3.91224335e+02, 2.59062073e+02,
       4.38133148e+02, 2.88652252e+02, 1.00206747e+01, 3.03192200e+02,
       5.89052315e+01, 3.16465149e+02, 1.07474503e+02, 3.30156006e+02,
       1.54661316e+02, 3.43481110e+02, 2.01552917e+02, 3.56604950e+02,
       2.47429749e+02, 3.69572662e+02, 2.92483887e+02, 3.82336029e+02,
       3.36913300e+02, 3.94619080e+02, 3.80294678e+02, 2.40429459e+02,
       2.38562794e+01, 2.54386505e+02, 7.33103256e+01, 2.68742615e+02,
       1.21430000e+02, 2.82510498e+02, 1.68857391e+02, 2.96473602e+02,
       2.15591309e+02, 3.09782654e+02, 2.61314178e+02, 3.23320282e+02,
       3.06502655e+02, 3.36395966e+02, 3.50787415e+02, 3.49277069e+02,
       3.94304962e+02, 1.90777145e+02, 3.83406830e+01, 2.05790726e+02,
       8.74897003e+01, 2.20234360e+02, 1.35822800e+02, 2.34668808e+02,
       1.83151138e+02, 2.48753143e+02, 2.29858810e+02, 2.62696869e+02,
       2.75746033e+02, 2.76472260e+02, 3.20531342e+02, 2.90021637e+02,
       3.64584045e+02, 3.03282745e+02, 4.07569489e+02, 1.41671951e+02,
       5.24912186e+01, 1.56732697e+02, 1.01645271e+02, 1.72098846e+02,
       1.50124878e+02, 1.86735535e+02, 1.97419052e+02, 2.01427353e+02,
       2.43998062e+02, 2.15861206e+02, 2.89520599e+02, 2.30114090e+02,
       3.34211975e+02, 2.44152817e+02, 3.77962769e+02, 2.57882019e+02,
       4.20633667e+02, 9.19678192e+01, 6.71529388e+01, 1.07810867e+02,
       1.16206474e+02, 1.23427719e+02, 1.64383423e+02, 1.38763611e+02,
       2.11733978e+02, 1.53779739e+02, 2.58133911e+02, 1.68636017e+02,
       3.03442047e+02, 1.83391922e+02, 3.47927185e+02, 1.98015564e+02,
       3.91385529e+02, 2.12297485e+02, 4.34083160e+02, 4.24062004e+01,
       8.14272614e+01, 5.85486298e+01, 1.30578201e+02, 7.45616760e+01,
       1.78682938e+02, 9.02626343e+01, 2.25965637e+02, 1.05883224e+02,
       2.72271973e+02, 1.21202080e+02, 3.17523438e+02, 1.36565216e+02,
       3.61795959e+02, 1.51537399e+02, 4.05316711e+02, 1.66077942e+02,
       4.48353851e+02, 3.14696407e+01, 2.09591354e+02, 8.17225113e+01,
       1.95541748e+02, 1.31677124e+02, 1.81543655e+02, 1.81119705e+02,
       1.67799362e+02, 2.30414154e+02, 1.54084198e+02, 2.79559387e+02,
       1.40350388e+02, 3.28825287e+02, 1.26519814e+02, 3.78084320e+02,
       1.12703133e+02, 4.27554901e+02, 9.89907608e+01, 4.67351532e+01,
       2.58810059e+02, 9.68026733e+01, 2.44603394e+02, 1.46480026e+02,
