%YAML:1.0
calibration_time: "Fri May 16 17:03:55 2014"
nframes: 15
image_width: 640
image_height: 480
board_width: 9
board_height: 6
square_size: 1.
flags: 0
camera_matrix: !!opencv-matrix
   rows: 3
   cols: 3
   dt: d
   data: [ 1.2340242964495337e+03, 0., 3.6402831082866908e+02, 0.,
       1.2438035757846599e+03, 1.9258180701290127e+02, 0., 0., 1. ]
distortion_coefficients: !!opencv-matrix
   rows: 5
   cols: 1
   dt: d
   data: [ 1.3628221591504378e-01, 1.6441168252953446e+00,
       -1.7735653892959870e-02, 5.1213828611323129e-03,
       -1.3271950254466935e+01 ]
avg_reprojection_error: 8.3773789626189210e-01
per_view_reprojection_errors: !!opencv-matrix
   rows: 15
   cols: 1
   dt: f
   data: [ 4.09341604e-01, 5.57320535e-01, 4.39638376e-01,
       6.16481960e-01, 4.95886385e-01, 5.05892217e-01, 3.59565139e-01,
       2.04701710e+00, 1.15825486e+00, 8.79638851e-01, 9.28638160e-01,
       5.69594443e-01, 6.13141537e-01, 9.20893788e-01, 3.57859433e-01 ]
# a set of 6-tuples (rotation vector + translation vector) for each view
extrinsic_parameters: !!opencv-matrix
   rows: 15
   cols: 6
   dt: d
   data: [ 5.1855997299961751e-02, -5.2514885925351262e-01,
       -2.9882561888774588e+00, 1.0670116190039096e+00,
       4.1616916698669950e+00, 2.5321507093285838e+01,
       -5.6953999411840622e-02, -4.5121545446760364e-01,
       -2.7106811165984390e+00, 1.6227942477464816e+00,
       4.4595013867872018e+00, 2.4644113211411739e+01,
       3.3963083974389095e-02, -4.2837451342396665e-01,
       -2.4124391892743930e+00, -9.2176527394775420e-01,
       4.8019630102589623e+00, 2.4161245501195488e+01,
       2.0433424329938246e-01, 1.0640296948882565e-01,
       1.4760827549500810e+00, 4.0648924396791672e+00,
       -3.1850055162265902e+00, 2.2918646275078846e+01,
       2.3006601359948583e-02, -1.6012101127277881e-03,
       -1.2083410369918217e-01, -4.1465766073317294e+00,
       -1.7493342884972836e+00, 2.4389828397514570e+01,
       -3.5079423358543201e-02, -1.6755031930636036e-01,
       -1.7330601271133810e+00, -4.0973893670109334e+00,
       4.8838534261515454e+00, 2.4769954118630523e+01,
       -1.4517044062127024e-01, -3.8187247392300935e-02,
       2.5289353808096965e-02, -6.8828486235904176e+00,
       -5.8526824063469518e-01, 2.6132029611668706e+01,
       -3.4609434285552992e-01, 3.2088351669364794e-02,
       -2.7197389388919019e-01, -5.9419590091071557e+00,
       -1.0813926047550189e+00, 2.4386516121478412e+01,
       -7.6834037459647326e-04, -5.8021876237200093e-02,
       6.3749989118783226e-02, -6.0836114564903978e+00,
       -4.8776736996237074e-01, 2.2818799691396347e+01,
       4.2481693064323735e-02, -1.2658647287090391e-01,
       4.8375407243559779e-02, -5.2200752485320505e+00,
       -3.0052019083855881e+00, 2.4413371286873016e+01,
       -3.5557232150009124e-02, -2.3292015133361024e-01,
       1.5860389741019651e+00, -2.1200760438219426e+00,
       -2.8453317795562785e+00, 2.6803272939214239e+01,
       -1.2465772347394864e-01, 9.3207177847717607e-02,
       1.6132842166384949e+00, 1.3735902858319999e+00,
       -3.1551654517017109e+00, 2.6836501265230183e+01,
       4.1526573751270912e-01, 1.2326202019066312e-01,
       -3.0004081358464245e+00, 1.3613195014986452e+00,
       2.6259139913504050e+00, 2.6248851848438289e+01,
       1.2399493683764315e-01, 9.8026995551565674e-02,
       -2.9134738837646292e+00, 9.3627126341352052e-01,
       3.5497897156970999e+00, 2.6841902314006301e+01,
       1.8316643958446822e-02, 6.0548834631416075e-02,
       -1.5120996291253592e+00, -3.0956253969323408e+00,
       4.8556311639967564e+00, 2.6520229595989868e+01 ]
image_points: !!opencv-matrix
   rows: 15
   cols: 54
   dt: "2f"
   data: [ 4.17181763e+02, 3.96397156e+02, 3.68155487e+02,
       3.90968475e+02, 3.19417511e+02, 3.86160034e+02, 2.70844849e+02,
       3.80626190e+02, 2.22108521e+02, 3.75237885e+02, 1.73159561e+02,
       3.69737762e+02, 1.23783249e+02, 3.64035614e+02, 7.42569885e+01,
       3.58621826e+02, 2.46698704e+01, 3.53580048e+02, 4.20980652e+02,
       3.47998383e+02, 3.72780762e+02, 3.42827057e+02, 3.24704254e+02,
       3.38221008e+02, 2.76860016e+02, 3.32647766e+02, 2.28896988e+02,
       3.27374908e+02, 1.80627304e+02, 3.21736359e+02, 1.32011353e+02,
       3.16164825e+02, 8.31518021e+01, 3.10580536e+02, 3.40643539e+01,
       3.05463531e+02, 4.24328735e+02, 3.01741791e+02, 3.76980164e+02,
       2.96666412e+02, 3.29781799e+02, 2.91498322e+02, 2.82670074e+02,
       2.86046631e+02, 2.35306137e+02, 2.80928955e+02, 1.87839172e+02,
       2.75320557e+02, 1.40142410e+02, 2.69633881e+02, 9.19459763e+01,
       2.64312653e+02, 4.35686874e+01, 2.58864990e+02, 4.27769562e+02,
       2.56793884e+02, 3.81196899e+02, 2.51310043e+02, 3.34617767e+02,
       2.45775925e+02, 2.88177673e+02, 2.41227921e+02, 2.41523346e+02,
       2.35726639e+02, 1.94782425e+02, 2.30361710e+02, 1.47611969e+02,
       2.24897156e+02, 1.00212761e+02, 2.19323624e+02, 5.25724983e+01,
       2.13748688e+02, 4.31452515e+02, 2.12389969e+02, 3.85670166e+02,
       2.06555450e+02, 3.39541138e+02, 2.01587570e+02, 2.93566864e+02,
       1.96671143e+02, 2.47526733e+02, 1.91575150e+02, 2.01428986e+02,
       1.86194702e+02, 1.54886581e+02, 1.80558517e+02, 1.08092529e+02,
       1.74852966e+02, 6.07082024e+01, 1.69340591e+02, 4.34963684e+02,
       1.69235672e+02, 3.89605560e+02, 1.63549988e+02, 3.44361145e+02,
       1.58248520e+02, 2.98919037e+02, 1.53733521e+02, 2.53396103e+02,
       1.48391556e+02, 2.07736023e+02, 1.42661224e+02, 1.61871750e+02,
       1.37304962e+02, 1.15503242e+02, 1.31364792e+02, 6.87885590e+01,
       1.25414841e+02, 4.45717529e+02, 4.17713959e+02, 3.99058197e+02,
       3.97862793e+02, 3.53052246e+02, 3.78438080e+02, 3.07757385e+02,
       3.58887451e+02, 2.62515564e+02, 3.39611725e+02, 2.17645645e+02,
       3.20283173e+02, 1.72747055e+02, 3.00872131e+02, 1.27870529e+02,
       2.81873230e+02, 8.35369110e+01, 2.63409821e+02, 4.63880951e+02,
       3.71311371e+02, 4.17619659e+02, 3.52046967e+02, 3.72021393e+02,
       3.33265686e+02, 3.27033417e+02, 3.14247772e+02, 2.82537567e+02,
       2.95537659e+02, 2.38176056e+02, 2.76466034e+02, 1.93770508e+02,
       2.57656372e+02, 1.49741074e+02, 2.39423737e+02, 1.05674118e+02,
       2.21129242e+02, 4.81207245e+02, 3.26448639e+02, 4.35483795e+02,
       3.07618683e+02, 3.90474609e+02, 2.88897614e+02, 3.46130737e+02,
       2.70469452e+02, 3.01792297e+02, 2.52272507e+02, 2.58050690e+02,
       2.34053162e+02, 2.14361282e+02, 2.15657074e+02, 1.70660889e+02,
       1.97635178e+02, 1.27207214e+02, 1.79693085e+02, 4.98312073e+02,
       2.82631592e+02, 4.53093597e+02, 2.63810333e+02, 4.08475250e+02,
       2.45400864e+02, 3.64273163e+02, 2.27874878e+02, 3.20441345e+02,
       2.10133209e+02, 2.77090576e+02, 1.92296310e+02, 2.33845367e+02,
       1.74486984e+02, 1.90639908e+02, 1.56664505e+02, 1.47662842e+02,
       1.39316681e+02, 5.15231812e+02, 2.39223328e+02, 4.70392181e+02,
       2.20947861e+02, 4.26222839e+02, 2.02801956e+02, 3.82280365e+02,
       1.85570374e+02, 3.38816223e+02, 1.68439209e+02, 2.95788055e+02,
       1.50747025e+02, 2.52868942e+02, 1.33358032e+02, 2.10148880e+02,
       1.16167679e+02, 1.67456085e+02, 9.89891663e+01, 5.31861023e+02,
       1.96425323e+02, 4.87401154e+02, 1.78706146e+02, 4.43527893e+02,
       1.60991470e+02, 3.99833771e+02, 1.44245804e+02, 3.56693970e+02,
       1.27336662e+02, 3.14134338e+02, 1.10219505e+02, 2.71583923e+02,
       9.29288712e+01, 2.29013321e+02, 7.60467758e+01, 1.86687927e+02,
       5.89729233e+01, 3.17684845e+02, 4.39291443e+02, 2.78377014e+02,
       4.05979614e+02, 2.39522705e+02, 3.73155487e+02, 2.01035339e+02,
       3.40364380e+02, 1.62582947e+02, 3.07632812e+02, 1.24248322e+02,
       2.74856415e+02, 8.56236649e+01, 2.41867477e+02, 4.69410210e+01,
       2.09272995e+02, 8.44169044e+00, 1.77148621e+02, 3.49636139e+02,
       3.99471344e+02, 3.10704468e+02, 3.66829620e+02, 2.72181732e+02,
