%YAML:1.0
calibration_time: "Tue May 21 14:38:58 2013"
nframes: 10
image_width: 640
image_height: 480
board_width: 9
board_height: 6
square_size: 1.8572299480438232e+00
flags: 0
camera_matrix: !!opencv-matrix
   rows: 3
   cols: 3
   dt: d
   data: [ 5.9321511593753769e+02, 0., 2.9325569322462064e+02, 0.,
       6.4733683609760249e+02, 1.9498691456585044e+02, 0., 0., 1. ]
distortion_coefficients: !!opencv-matrix
   rows: 5
   cols: 1
   dt: d
   data: [ 1.1849682986652296e-01, -6.8100289400538498e+00,
       -4.4786447141668073e-02, -4.5314105684235738e-02,
       1.4690090214275051e+01 ]
avg_reprojection_error: 6.3907944991139720e+00
per_view_reprojection_errors: !!opencv-matrix
   rows: 10
   cols: 1
   dt: f
   data: [ 1.95953798e+00, 2.75837660e+00, 4.22513199e+00,
       6.20827770e+00, 7.23761892e+00, 7.65694380e+00, 9.22845268e+00,
       7.71101189e+00, 5.91896486e+00, 7.06466866e+00 ]
# a set of 6-tuples (rotation vector + translation vector) for each view
extrinsic_parameters: !!opencv-matrix
   rows: 10
   cols: 6
   dt: d
   data: [ -5.1888458863781428e-01, -1.1528546230748354e-01,
       -4.0672780699417620e-02, -1.3069265134554932e+01,
       -6.7544958373697694e+00, 4.1656302660665489e+01,
       -4.9944362455857788e-01, -1.8129524619173587e-01,
       -4.9877215310615314e-02, -1.4122453486550299e+01,
       -8.5366445671053359e+00, 4.0555153028303664e+01,
       -2.0703005518629902e-01, 1.8704816122199878e-02,
       3.1771560580919089e-01, -7.8167561769401104e+00,
       -1.1408413369532047e+01, 4.2794180274010479e+01,
       1.7820879708683146e-01, -5.6079326791507522e-01,
       2.1863815681879381e-01, -1.0671867011681050e+01,
       -7.5818125716847842e+00, 3.2467900889983035e+01,
       1.7455357910011007e-01, -5.2371791626879016e-01,
       1.5645310332318743e-01, -1.3983609984717074e+01,
       -6.0679584012107135e+00, 2.8677216459321446e+01,
       2.2741554137312707e-02, 4.6095489748718554e-01,
       1.6098712572675153e-01, -6.6113083309952643e+00,
       -6.4579423482783271e+00, 3.6151198291255902e+01,
       1.6717698518298098e-02, 3.1426627741190910e-01,
       6.4176489431291880e-02, -1.2496251868510786e+01,
       -3.1112484642324132e+00, 3.2355537575959495e+01,
       4.0263552459345056e-02, 4.2556907957317475e-01,
       1.1687197577529532e-01, -6.1824663846239565e+00,
       -4.5291419393851609e+00, 3.5050054354208861e+01,
       -2.9746170405678353e-03, 4.5043067503547091e-01,
       1.6692888135374190e-01, -2.3214739324930029e+00,
       -3.4372150491565021e+00, 3.6102888690966694e+01,
       8.6683940682144647e-02, 4.7345121064784107e-01,
       1.4574297502973557e-01, -1.0632380880149475e+00,
       -2.2514675240562823e+00, 3.1780123864384631e+01 ]
image_points: !!opencv-matrix
   rows: 10
   cols: 54
   dt: "2f"
   data: [ 1.01832085e+02, 8.91375427e+01, 1.29769775e+02,
       8.88427811e+01, 1.57578339e+02, 8.85724030e+01, 1.85038101e+02,
       8.84669876e+01, 2.12354568e+02, 8.83905716e+01, 2.39226929e+02,
       8.89448929e+01, 2.66271606e+02, 8.89906998e+01, 2.92342316e+02,
       8.94630432e+01, 3.18628571e+02, 8.98778534e+01, 1.00091042e+02,
       1.11374680e+02, 1.28386215e+02, 1.11019547e+02, 1.56811996e+02,
       1.11027184e+02, 1.84765381e+02, 1.11127327e+02, 2.12567398e+02,
       1.11556915e+02, 2.39759750e+02, 1.12116982e+02, 2.66879547e+02,
       1.12638802e+02, 2.93610657e+02, 1.12890533e+02, 3.19784729e+02,
       1.13339455e+02, 9.81566162e+01, 1.34390152e+02, 1.27374695e+02,
       1.34598892e+02, 1.56120453e+02, 1.34833359e+02, 1.84609299e+02,
       1.35317963e+02, 2.12760483e+02, 1.35641144e+02, 2.40200287e+02,
       1.36379196e+02, 2.67776337e+02, 1.36682632e+02, 2.94522949e+02,
       1.37072296e+02, 3.21254974e+02, 1.37117645e+02, 9.67452164e+01,
       1.59554962e+02, 1.26577919e+02, 1.59995193e+02, 1.55736237e+02,
       1.60455612e+02, 1.84607513e+02, 1.60793320e+02, 2.12946854e+02,
       1.61267242e+02, 2.40751816e+02, 1.61623230e+02, 2.68368530e+02,
       1.61861313e+02, 2.95695282e+02, 1.62008041e+02, 3.22306122e+02,
       1.62124954e+02, 9.62741089e+01, 1.87217621e+02, 1.26129341e+02,
       1.87433334e+02, 1.55518051e+02, 1.87357574e+02, 1.84528107e+02,
       1.87480560e+02, 2.13227768e+02, 1.87572372e+02, 2.41119553e+02,
       1.87847382e+02, 2.69159485e+02, 1.87870544e+02, 2.96357086e+02,
       1.87907990e+02, 3.23536743e+02, 1.87846069e+02, 9.58520966e+01,
       2.15447052e+02, 1.25805069e+02, 2.15362549e+02, 1.55403931e+02,
       2.14958862e+02, 1.84552597e+02, 2.14704102e+02, 2.13307770e+02,
       2.14707367e+02, 2.41583878e+02, 2.14742172e+02, 2.69638214e+02,
       2.14581970e+02, 2.97300323e+02, 2.14423859e+02, 3.24380493e+02,
       2.14244583e+02, 8.44195786e+01, 6.02824821e+01, 1.12428940e+02,
       5.98118706e+01, 1.40387299e+02, 5.94448929e+01, 1.68234177e+02,
       5.94858704e+01, 1.95528976e+02, 5.97483597e+01, 2.22654205e+02,
       6.07580681e+01, 2.49747971e+02, 6.11359100e+01, 2.75858398e+02,
       6.25715675e+01, 3.02042389e+02, 6.34516907e+01, 8.25341492e+01,
       8.19070892e+01, 1.11199257e+02, 8.16158600e+01, 1.39875946e+02,
       8.17521591e+01, 1.67990036e+02, 8.21683350e+01, 1.95926941e+02,
       8.30829315e+01, 2.23349197e+02, 8.39402618e+01, 2.50570831e+02,
       8.49125824e+01, 2.77233673e+02, 8.53762054e+01, 3.03454773e+02,
       8.64493027e+01, 8.07106934e+01, 1.04442123e+02, 1.10295837e+02,
       1.04949638e+02, 1.39322586e+02, 1.05522408e+02, 1.68106003e+02,
       1.06429039e+02, 1.96349045e+02, 1.07193352e+02, 2.24012268e+02,
       1.08174866e+02, 2.51617859e+02, 1.08842590e+02, 2.78363373e+02,
       1.09419456e+02, 3.04962708e+02, 1.09741730e+02, 7.95152817e+01,
       1.29607162e+02, 1.09669746e+02, 1.30350739e+02, 1.38965164e+02,
       1.31142883e+02, 1.68202805e+02, 1.31725204e+02, 1.96526382e+02,
       1.32705292e+02, 2.24550491e+02, 1.33367355e+02, 2.52425278e+02,
       1.33873199e+02, 2.79551941e+02, 1.34349380e+02, 3.06314575e+02,
       1.34781219e+02, 7.92757187e+01, 1.57231537e+02, 1.09252518e+02,
       1.57750748e+02, 1.39004105e+02, 1.57892548e+02, 1.68333664e+02,
       1.58451248e+02, 1.97014618e+02, 1.58984390e+02, 2.25222900e+02,
       1.59596924e+02, 2.53144806e+02, 1.59846268e+02, 2.80324829e+02,
       1.60315918e+02, 3.07281036e+02, 1.60563492e+02, 7.88884201e+01,
       1.85408997e+02, 1.09286591e+02, 1.85649521e+02, 1.39127335e+02,
       1.85645416e+02, 1.68513306e+02, 1.85684753e+02, 1.97395081e+02,
       1.86088272e+02, 2.25662338e+02, 1.86387924e+02, 2.53782745e+02,
       1.86572662e+02, 2.81208130e+02, 1.86567795e+02, 3.08254913e+02,
       1.86611343e+02, 1.80100082e+02, 2.29364834e+01, 2.05326080e+02,
       2.81311264e+01, 2.30813858e+02, 3.27412186e+01, 2.57361115e+02,
       3.88940849e+01, 2.85085510e+02, 4.72671738e+01, 3.11859528e+02,
       5.84483185e+01, 3.36834351e+02, 7.06837158e+01, 3.57773865e+02,
       8.27149887e+01, 3.76652771e+02, 9.48896103e+01, 1.71288132e+02,
       4.92494316e+01, 1.96196259e+02, 5.42609673e+01, 2.21627960e+02,
       5.93429680e+01, 2.48328125e+02, 6.55075302e+01, 2.76171051e+02,
       7.43698502e+01, 3.03252380e+02, 8.51922836e+01, 3.28205536e+02,
       9.69664307e+01, 3.49613861e+02, 1.08699120e+02, 3.68714722e+02,
       1.20227287e+02, 1.62217453e+02, 7.53034363e+01, 1.87239594e+02,
       8.07605667e+01, 2.12429367e+02, 8.57769165e+01, 2.39163696e+02,
       9.24540253e+01, 2.67214569e+02, 1.01298256e+02, 2.94412811e+02,
       1.11916367e+02, 3.19599182e+02, 1.23370514e+02, 3.41304443e+02,
       1.34603577e+02, 3.60912170e+02, 1.45592209e+02, 1.53121277e+02,
       1.01652161e+02, 1.77710678e+02, 1.07105370e+02, 2.03040497e+02,
       1.12530762e+02, 2.29956970e+02, 1.19267372e+02, 2.58027313e+02,
       1.28522537e+02, 2.85540497e+02, 1.39013123e+02, 3.11105469e+02,
       1.49992950e+02, 3.32904236e+02, 1.60751572e+02, 3.52672455e+02,
       1.71194611e+02, 1.42641129e+02, 1.27007004e+02, 1.68259506e+02,
