%YAML:1.0
calibration_time: "Fri 24 May 2013 08:31:37 AM CEST"
nframes: 10
image_width: 640
image_height: 480
board_width: 9
board_height: 6
square_size: 1.
flags: 0
camera_matrix: !!opencv-matrix
   rows: 3
   cols: 3
   dt: d
   data: [ 1.2532978940683934e+03, 0., 2.7745215228751221e+02, 0.,
       1.2559518786489227e+03, 2.6637953175801204e+02, 0., 0., 1. ]
distortion_coefficients: !!opencv-matrix
   rows: 5
   cols: 1
   dt: d
   data: [ -3.6052844436872633e-01, 5.9213213878138040e+00,
       2.7778478377957806e-02, -5.9257866786690004e-02,
       -4.2839535263720464e+01 ]
avg_reprojection_error: 1.3374533652719158e+00
per_view_reprojection_errors: !!opencv-matrix
   rows: 10
   cols: 1
   dt: f
   data: [ 1.84768379e+00, 2.01127791e+00, 2.03298330e+00,
       1.94683027e+00, 7.01927662e-01, 6.53798938e-01, 5.91782689e-01,
       6.27238214e-01, 6.11285031e-01, 6.84114099e-01 ]
# a set of 6-tuples (rotation vector + translation vector) for each view
extrinsic_parameters: !!opencv-matrix
   rows: 10
   cols: 6
   dt: d
   data: [ 0., 0., 0., 0., 0., 0., 0., 0., 0., 0., 0., 0., 0., 0., 0.,
       0., 6.0814923281715227e-02, 1.4015812813822146e-02,
       9.6746733991897402e-03, 2.1648448912234305e-03,
       2.9561945700904652e-01, -1.4776879803964699e-01,
       -5.9049466624139269e-01, 3.9320275937671206e-01,
       -5.7748507232007340e-01, 2.2360446894397590e-01,
       -6.2207250343737123e-05, 5.5032646602323338e-05,
       -1.3363611033942283e-05, 2.5488916051861858e-07,
       -2.9809006809076529e-09, 1.0314684328024367e-16,
       -3.5092114044793532e-17, -5.4818992627628381e-18,
       -4.9429109026192883e-19, -1.7441205057613592e-19,
       -1.5313037477257231e-19, -4.3988297354657961e-19,
       -1.5541328203254913e-18, -5.4291145840509336e-19,
       -7.7748509475768874e-22, -2.1247258062153807e-21,
       -1.7863040495988212e-22, -1.2029781784311301e-24,
       -2.8597263008422836e-24, -9.1759146538910196e-25,
       -7.2693110059820493e-28, -4.6962514397180558e-28,
       -2.2875633443211760e-28, -1.7441510710816433e-30, 0., 0., 0., 0.,
       0., 0., 0., 0., 0., 0. ]
image_points: !!opencv-matrix
   rows: 10
   cols: 54
   dt: "2f"
   data: [ 1.21892120e+02, 5.80800514e+01, 1.48837051e+02,
       5.89389572e+01, 1.76405121e+02, 6.03391151e+01, 2.05555557e+02,
       6.23624535e+01, 2.36362198e+02, 6.49826508e+01, 2.67307251e+02,
       6.87204590e+01, 2.97365723e+02, 7.35251389e+01, 3.26633179e+02,
       7.84995728e+01, 3.55147095e+02, 8.34907913e+01, 1.19989594e+02,
       8.82720795e+01, 1.46526276e+02, 8.97235565e+01, 1.73998276e+02,
       9.13428421e+01, 2.02968750e+02, 9.32030640e+01, 2.33497757e+02,
       9.58596725e+01, 2.64449310e+02, 9.95188370e+01, 2.94643402e+02,
       1.03959076e+02, 3.23913483e+02, 1.08463326e+02, 3.52789124e+02,
       1.13024948e+02, 1.18121361e+02, 1.18463722e+02, 1.44427139e+02,
       1.20295692e+02, 1.71823975e+02, 1.22087486e+02, 2.00205444e+02,
       1.24085320e+02, 2.30674866e+02, 1.26709297e+02, 2.61573730e+02,
       1.30109848e+02, 2.91930054e+02, 1.34238937e+02, 3.21233246e+02,
       1.38390717e+02, 3.50270752e+02, 1.42397003e+02, 1.15800621e+02,
       1.48340469e+02, 1.42707169e+02, 1.50372253e+02, 1.69428909e+02,
       1.52487381e+02, 1.97817535e+02, 1.54635757e+02, 2.27855865e+02,
       1.57363556e+02, 2.58909271e+02, 1.60601074e+02, 2.89187134e+02,
       1.64274033e+02, 3.18869263e+02, 1.67992218e+02, 3.47966736e+02,
       1.71686096e+02, 1.12731316e+02, 1.77551422e+02, 1.40213257e+02,
       1.80312271e+02, 1.67557907e+02, 1.82667587e+02, 1.95428207e+02,
       1.85113342e+02, 2.25259827e+02, 1.87962555e+02, 2.56125977e+02,
       1.91013382e+02, 2.86693604e+02, 1.94431000e+02, 3.16380859e+02,
       1.97813385e+02, 3.45957062e+02, 2.00980530e+02, 1.07949379e+02,
       2.06745850e+02, 1.36925674e+02, 2.10254257e+02, 1.65211349e+02,
       2.13064209e+02, 1.93200012e+02, 2.15759644e+02, 2.22470398e+02,
       2.18703705e+02, 2.53434830e+02, 2.21698914e+02, 2.84005768e+02,
       2.24673325e+02, 3.14085083e+02, 2.27737015e+02, 3.44078613e+02,
       2.30440750e+02, 1.30982559e+02, 1.95965424e+01, 1.59385742e+02,
       1.99799137e+01, 1.88716217e+02, 2.05804272e+01, 2.19598633e+02,
       2.20623531e+01, 2.51491562e+02, 2.44117241e+01, 2.83220032e+02,
       2.81910629e+01, 3.14000946e+02, 3.26765213e+01, 3.43670227e+02,
       3.76239319e+01, 3.72525177e+02, 4.25897369e+01, 1.29585861e+02,
       5.15038071e+01, 1.57779678e+02, 5.21979256e+01, 1.86659912e+02,
       5.28402939e+01, 2.17187927e+02, 5.43510132e+01, 2.48915405e+02,
       5.64706879e+01, 2.80679901e+02, 5.99546585e+01, 3.11568848e+02,
       6.42808380e+01, 3.41250397e+02, 6.86692276e+01, 3.70356812e+02,
       7.33558273e+01, 1.28263046e+02, 8.27074585e+01, 1.56176773e+02,
       8.37345734e+01, 1.84827606e+02, 8.48226395e+01, 2.14982162e+02,
       8.63562088e+01, 2.46614960e+02, 8.84248428e+01, 2.78436829e+02,
       9.15421753e+01, 3.09174225e+02, 9.55516129e+01, 3.38712524e+02,
       9.95331726e+01, 3.68349548e+02, 1.03539825e+02, 1.26490944e+02,
       1.13783089e+02, 1.54670456e+02, 1.15170822e+02, 1.83116684e+02,
       1.16525017e+02, 2.12856934e+02, 1.18177910e+02, 2.44247757e+02,
       1.20130569e+02, 2.76181152e+02, 1.23156349e+02, 3.06932465e+02,
       1.26570595e+02, 3.36773193e+02, 1.30260040e+02, 3.66403839e+02,
       1.33625320e+02, 1.23673843e+02, 1.44408203e+02, 1.52867081e+02,
       1.46450424e+02, 1.81655121e+02, 1.48267120e+02, 2.10793365e+02,
       1.49672760e+02, 2.42030777e+02, 1.51892242e+02, 2.73628418e+02,
       1.54547928e+02, 3.04618195e+02, 1.57820541e+02, 3.34689880e+02,
       1.61092484e+02, 3.64764984e+02, 1.63680527e+02, 1.19573936e+02,
       1.74584671e+02, 1.50155502e+02, 1.77396744e+02, 1.79706329e+02,
       1.79493896e+02, 2.08985825e+02, 1.81485764e+02, 2.39635910e+02,
       1.83774475e+02, 2.71464081e+02, 1.86386292e+02, 3.02417969e+02,
       1.89159683e+02, 3.32863251e+02, 1.91791306e+02, 3.63758423e+02,
       1.93909073e+02, 1.37603104e+02, 1.33013811e+01, 1.66208511e+02,
       1.41451416e+01, 1.95573776e+02, 1.51417913e+01, 2.26476837e+02,
       1.68507595e+01, 2.58460510e+02, 1.97142773e+01, 2.90508514e+02,
       2.37102928e+01, 3.21488098e+02, 2.87999535e+01, 3.51295135e+02,
       3.42444305e+01, 3.80462128e+02, 3.95073891e+01, 1.35697311e+02,
       4.55571785e+01, 1.63756165e+02, 4.65302315e+01, 1.92804199e+02,
       4.77046852e+01, 2.23619156e+02, 4.96340485e+01, 2.55401230e+02,
       5.24317360e+01, 2.87378906e+02, 5.61379166e+01, 3.18526184e+02,
       6.07466927e+01, 3.48372650e+02, 6.57462234e+01, 3.77352020e+02,
       7.05477371e+01, 1.33725861e+02, 7.72300415e+01, 1.61627518e+02,
       7.85287094e+01, 1.90593094e+02, 8.01594772e+01, 2.20661682e+02,
       8.19883957e+01, 2.52523407e+02, 8.45100708e+01, 2.84444397e+02,
       8.82215881e+01, 3.15522614e+02, 9.25254059e+01, 3.45363037e+02,
       9.69462280e+01, 3.74661835e+02, 1.01313507e+02, 1.31525223e+02,
       1.08438141e+02, 1.59824310e+02, 1.10315849e+02, 1.88378754e+02,
       1.12118149e+02, 2.18280869e+02, 1.14122078e+02, 2.49632690e+02,
       1.16497597e+02, 2.81605499e+02, 1.19968834e+02, 3.12568207e+02,
       1.23908005e+02, 3.42624237e+02, 1.27930931e+02, 3.72451416e+02,
       1.31644333e+02, 1.28320892e+02, 1.39248032e+02, 1.57511414e+02,
       1.41596786e+02, 1.86405930e+02, 1.43878967e+02, 2.15622116e+02,
       1.46187866e+02, 2.46858566e+02, 1.48648819e+02, 2.78656525e+02,
       1.51766113e+02, 3.09833893e+02, 1.55371262e+02, 3.39977509e+02,
       1.58994843e+02, 3.70336517e+02, 1.62138092e+02, 1.23615578e+02,
       1.69534225e+02, 1.54125031e+02, 1.72702927e+02, 1.83831314e+02,
       1.75386292e+02, 2.13313202e+02, 1.77966370e+02, 2.44043808e+02,
       1.80616241e+02, 2.76026581e+02, 1.83754684e+02, 3.06864502e+02,
       1.86971924e+02, 3.37642944e+02, 1.90084122e+02, 3.68595245e+02,
       1.92478531e+02, 4.03123322e+02, 5.09907722e+01, 4.33487305e+02,
