%YAML:1.0
calibration_time: "Tue May 21 14:17:58 2013"
nframes: 10
image_width: 640
image_height: 480
board_width: 9
board_height: 6
square_size: 1.8572299480438232e+00
flags: 0
camera_matrix: !!opencv-matrix
   rows: 3
   cols: 3
   dt: d
   data: [ 6.8001582980344688e+02, 0., 3.2000885361479982e+02, 0.,
       6.7556025855613700e+02, 2.3612548929006368e+02, 0., 0., 1. ]
distortion_coefficients: !!opencv-matrix
   rows: 5
   cols: 1
   dt: d
   data: [ 6.0300705663993967e-02, -6.4694205364738100e-01,
       1.1570562444990313e-02, -3.1474998131065354e-03,
       9.9605472529796613e-01 ]
avg_reprojection_error: 1.1989700639373153e+00
per_view_reprojection_errors: !!opencv-matrix
   rows: 10
   cols: 1
   dt: f
   data: [ 9.74928856e-01, 4.09958810e-01, 4.46828157e-01,
       8.28657031e-01, 9.17758644e-01, 2.73118782e+00, 1.41111493e+00,
       5.68710983e-01, 9.45657849e-01, 9.27252889e-01 ]
# a set of 6-tuples (rotation vector + translation vector) for each view
extrinsic_parameters: !!opencv-matrix
   rows: 10
   cols: 6
   dt: d
   data: [ -1.9621096398164298e-01, 1.1402358068383470e-01,
       3.1226328768403140e+00, 8.4605795881207086e+00,
       5.9329472679845985e+00, 2.6038489657616616e+01,
       3.9260543720449315e-01, -2.3399145201134552e-01,
       -2.9854520782238816e+00, 9.3906807387255209e-01,
       9.7173153087388222e+00, 5.3514441218185880e+01,
       2.2451521409609851e-01, 2.5616719987889208e-01,
       3.0637675085527891e+00, -1.0178055061896730e+01,
       1.1707126532817577e+01, 5.6489758585616066e+01,
       2.3383848168505902e-01, -4.5539692648313823e-01,
       -3.0647731614492866e+00, 2.1572025713965747e+01,
       9.4937407905754423e+00, 5.1888540419368113e+01,
       -2.8123366618612300e-01, 4.6292149870360755e-01,
       2.9989448547815707e+00, 3.4192709751846309e+00,
       -1.1295245462946044e+01, 6.2540853677677745e+01,
       4.7396176425673298e-01, -2.7422026258853005e-01,
       -3.0035572986294872e+00, 1.7878836541348008e+01,
       -6.2370596312650797e+00, 6.3858182581826426e+01,
       -1.2215522379867252e-01, 3.8794353944945709e-01,
       2.9229323818581530e+00, -9.8850202626634776e+00,
       -7.8196328982894565e+00, 5.5824880805415610e+01,
       -2.0914894891547714e-02, -7.1811843865778491e-02,
       3.0007886910555386e+00, 1.2944959352944704e+01,
       2.2011991878199217e+00, 2.8843076721783373e+01,
       -5.2532067177995757e-03, 7.2474319015936417e-01,
       3.0394952708628749e+00, -3.6009903659610543e+00,
       2.0682871381621187e+01, 6.3049573174299312e+01,
       2.6319922367855048e-01, 7.4321564183610000e-01,
       2.7899223374437798e+00, -1.6684503447856283e+01,
       1.9847787838795441e+01, 6.9402617801364670e+01 ]
image_points: !!opencv-matrix
   rows: 10
   cols: 54
   dt: "2f"
   data: [ 5.39300049e+02, 3.91418976e+02, 4.93115875e+02,
       3.92796478e+02, 4.46155487e+02, 3.94729248e+02, 3.98289032e+02,
       3.96485626e+02, 3.49373199e+02, 3.98291138e+02, 2.99329681e+02,
       4.00007416e+02, 2.47725128e+02, 4.02372040e+02, 1.95457962e+02,
       4.04683685e+02, 1.41544571e+02, 4.07424744e+02, 5.39339905e+02,
       3.42854156e+02, 4.92825348e+02, 3.43666290e+02, 4.45692657e+02,
       3.44756226e+02, 3.97698303e+02, 3.45963898e+02, 3.48696045e+02,
       3.46752350e+02, 2.99009216e+02, 3.48041382e+02, 2.47779907e+02,
       3.49789764e+02, 1.95799301e+02, 3.51755951e+02, 1.42237335e+02,
       3.53786438e+02, 5.39451233e+02, 2.94447510e+02, 4.92287292e+02,
       2.94773407e+02, 4.44887756e+02, 2.95385376e+02, 3.96756012e+02,
       2.96102509e+02, 3.47979431e+02, 2.96578278e+02, 2.98499207e+02,
       2.97168732e+02, 2.47659760e+02, 2.98394897e+02, 1.96093277e+02,
       2.99710999e+02, 1.42668671e+02, 3.01205292e+02, 5.37894470e+02,
       2.46336563e+02, 4.91065277e+02, 2.46389938e+02, 4.43582764e+02,
       2.46697693e+02, 3.95795471e+02, 2.47140427e+02, 3.47269928e+02,
       2.47277939e+02, 2.98138519e+02, 2.47478516e+02, 2.47424240e+02,
       2.48117020e+02, 1.96107452e+02, 2.48922241e+02, 1.42872162e+02,
       2.49654892e+02, 5.33675476e+02, 1.99617874e+02, 4.87711182e+02,
       1.99042374e+02, 4.41418152e+02, 1.99004028e+02, 3.93862701e+02,
       1.98973434e+02, 3.45999817e+02, 1.98710983e+02, 2.97328308e+02,
       1.98347641e+02, 2.46875504e+02, 1.98365677e+02, 1.95757996e+02,
       1.98421127e+02, 1.42660889e+02, 1.98400375e+02, 5.29374451e+02,
       1.53767120e+02, 4.84074615e+02, 1.53131470e+02, 4.37969208e+02,
       1.52590881e+02, 3.91680511e+02, 1.51962845e+02, 3.43962494e+02,
       1.51340485e+02, 2.96032410e+02, 1.50423172e+02, 2.46021729e+02,
       1.49604446e+02, 1.95052490e+02, 1.49009674e+02, 1.42562729e+02,
       1.48211639e+02, 3.31597290e+02, 3.60375610e+02, 3.08534027e+02,
       3.57819153e+02, 2.85378387e+02, 3.55486145e+02, 2.61696991e+02,
       3.53157562e+02, 2.37717987e+02, 3.50696289e+02, 2.13384521e+02,
       3.48205872e+02, 1.88253937e+02, 3.45818726e+02, 1.62970901e+02,
       3.43538757e+02, 1.37438629e+02, 3.41138031e+02, 3.33807037e+02,
       3.36195923e+02, 3.11404053e+02, 3.33450531e+02, 2.88383362e+02,
       3.31098816e+02, 2.64911285e+02, 3.28543365e+02, 2.41172989e+02,
       3.25843201e+02, 2.16753845e+02, 3.23180145e+02, 1.91825134e+02,
       3.20644470e+02, 1.66678528e+02, 3.18185394e+02, 1.41243103e+02,
       3.15732910e+02, 3.36886597e+02, 3.12347656e+02, 3.14173645e+02,
       3.09694855e+02, 2.91330353e+02, 3.06957703e+02, 2.68032898e+02,
       3.04188873e+02, 2.44331512e+02, 3.01399139e+02, 2.20182755e+02,
       2.98598511e+02, 1.95360077e+02, 2.95946808e+02, 1.70340973e+02,
       2.93380249e+02, 1.44993240e+02, 2.90769592e+02, 3.39444458e+02,
       2.88696899e+02, 3.16915253e+02, 2.85891235e+02, 2.93999939e+02,
       2.83158569e+02, 2.70968811e+02, 2.80180756e+02, 2.47212448e+02,
       2.77314362e+02, 2.23407410e+02, 2.74233246e+02, 1.98595932e+02,
       2.71533875e+02, 1.73736649e+02, 2.68649048e+02, 1.48607376e+02,
       2.65960938e+02, 3.40954468e+02, 2.66093414e+02, 3.18714722e+02,
       2.62856232e+02, 2.96468414e+02, 2.59733582e+02, 2.73430969e+02,
       2.56777863e+02, 2.50136765e+02, 2.53792816e+02, 2.26353073e+02,
       2.50708725e+02, 2.01896469e+02, 2.47604385e+02, 1.77107849e+02,
       2.44733170e+02, 1.51995758e+02, 2.41866653e+02, 3.42188110e+02,
       2.44214294e+02, 3.20634247e+02, 2.40668869e+02, 2.98244446e+02,
       2.37592102e+02, 2.75691986e+02, 2.34122421e+02, 2.52471207e+02,
       2.30905365e+02, 2.29189011e+02, 2.27290115e+02, 2.04766418e+02,
       2.23960846e+02, 1.80251541e+02, 2.20786575e+02, 1.55121414e+02,
       2.17590759e+02, 1.95538193e+02, 3.77972382e+02, 1.74352036e+02,
       3.78839020e+02, 1.53397766e+02, 3.79864685e+02, 1.32419662e+02,
       3.80892517e+02, 1.11744972e+02, 3.81741821e+02, 9.12754440e+01,
       3.82664551e+02, 7.08330231e+01, 3.83513702e+02, 5.08084106e+01,
       3.84731506e+02, 3.09883251e+01, 3.85458435e+02, 1.95572052e+02,
       3.54830688e+02, 1.74553314e+02, 3.55894562e+02, 1.53510239e+02,
       3.57172119e+02, 1.32539108e+02, 3.58274323e+02, 1.11894402e+02,
       3.59223846e+02, 9.16932449e+01, 3.60246979e+02, 7.13381042e+01,
       3.61312531e+02, 5.14925957e+01, 3.62435425e+02, 3.17126942e+01,
       3.63393127e+02, 1.95707596e+02, 3.32278259e+02, 1.74457123e+02,
       3.33423492e+02, 1.53420532e+02, 3.34601837e+02, 1.32400238e+02,
       3.35831635e+02, 1.11883125e+02, 3.36996826e+02, 9.18058548e+01,
       3.38140625e+02, 7.17367859e+01, 3.39309357e+02, 5.20122795e+01,
       3.40581055e+02, 3.24161720e+01, 3.41605591e+02, 1.95372635e+02,
       3.09855530e+02, 1.74343506e+02, 3.11044800e+02, 1.53327057e+02,
       3.12507355e+02, 1.32498688e+02, 3.13762726e+02, 1.11802368e+02,
       3.15216003e+02, 9.18810043e+01, 3.16221680e+02, 7.15268784e+01,
       3.17473083e+02, 5.20465584e+01, 3.18913605e+02, 3.27262077e+01,
       3.20110107e+02, 1.95469009e+02, 2.87998260e+02, 1.74312256e+02,
