%YAML:1.0
calibration_time: "Wed May 22 11:45:58 2013"
nframes: 10
image_width: 1280
image_height: 1024
board_width: 9
board_height: 6
square_size: 1.8572299480438232e+00
flags: 0
camera_matrix: !!opencv-matrix
   rows: 3
   cols: 3
   dt: d
   data: [ 1.1903490464757135e+03, 0., 6.5295788318410223e+02, 0.,
       1.1767203181921591e+03, 4.0706160227860386e+02, 0., 0., 1. ]
distortion_coefficients: !!opencv-matrix
   rows: 5
   cols: 1
   dt: d
   data: [ 1.4427426090611406e+00, -7.9382716950750236e+00,
       -3.6164748577852311e-02, 4.2260474527689842e-02,
       1.1333423423167984e+01 ]
avg_reprojection_error: 1.4174944715871705e+00
per_view_reprojection_errors: !!opencv-matrix
   rows: 10
   cols: 1
   dt: f
   data: [ 6.89166129e-01, 8.26817036e-01, 8.20124328e-01,
       7.59670913e-01, 3.96108532e+00, 8.58722985e-01, 4.99752641e-01,
       4.83017564e-01, 7.57519484e-01, 4.47357535e-01 ]
# a set of 6-tuples (rotation vector + translation vector) for each view
extrinsic_parameters: !!opencv-matrix
   rows: 10
   cols: 6
   dt: d
   data: [ -6.7456919046384095e-02, -1.6742306081966860e-01,
       1.6974457896747949e-02, -8.1578638508468426e+00,
       -3.5687004394851272e+01, 1.1730026778954409e+02,
       1.1778856298342198e-01, -3.3216440187769508e-01,
       -1.3334107833244557e-01, -4.8588544342281509e+01,
       -3.8784099079747648e+01, 1.3088871684935870e+02,
       1.9570178861435450e-01, -2.7417396776653069e-01,
       -1.1177328084450512e-01, -4.9162043230921441e+01,
       -3.8944192558724822e+01, 1.3318848747379667e+02,
       -4.7779204371801477e-02, -3.5820161838955655e-01,
       1.9334311647875960e-01, 3.0650389524091366e+01,
       -2.8736170490547252e+01, 1.3109750544485232e+02,
       -7.0653010790248896e-02, 7.5534740215059792e-01,
       -2.6654575001032160e-01, 1.5486356507939147e+01,
       1.6349144007484242e+01, 1.3297520240450024e+02,
       -9.2555555635585929e-02, -4.4862538566976673e-01,
       -9.1024688069721679e-02, 1.4928734688195801e+01,
       1.2987886229491073e+01, 1.2037084529009431e+02,
       -3.3448913684333864e-01, 1.2024288701735676e-01,
       8.7391030854456861e-02, -1.8742527552578206e+01,
       1.3795860696515890e+01, 1.2846849817033760e+02,
       -2.8125623964517399e-01, 8.6300126354698400e-02,
       8.6166142133097423e-02, -1.8756955394515305e+01,
       1.4181641542202543e+01, 1.2969316709211697e+02,
       -3.3485764496012543e-01, -6.5780604585167979e-01,
       2.5976842058521565e-01, -3.7118399489212266e+01,
       1.9633999196849224e+01, 1.3950774579336314e+02,
       -1.4942059224221668e-01, -1.1401676411187653e-01,
       -2.1205254768997341e-02, -3.6182312081622610e+00,
       -2.6600165934122064e+01, 1.2096839495525053e+02 ]
image_points: !!opencv-matrix
   rows: 10
   cols: 54
   dt: "2f"
   data: [ 5.65934082e+02, 1.24567184e+01, 5.86911438e+02,
       1.32328424e+01, 6.07308411e+02, 1.43168049e+01, 6.28100342e+02,
       1.56443501e+01, 6.48271362e+02, 1.68778152e+01, 6.68470459e+02,
       1.79544735e+01, 6.88401428e+02, 1.92554302e+01, 7.08428528e+02,
       2.06391716e+01, 7.27767029e+02, 2.20439129e+01, 5.66076904e+02,
       3.40705185e+01, 5.86898682e+02, 3.47442131e+01, 6.07379272e+02,
       3.60696831e+01, 6.27655396e+02, 3.73191566e+01, 6.48174011e+02,
       3.84497070e+01, 6.68466370e+02, 3.96886673e+01, 6.88092651e+02,
       4.09267731e+01, 7.07858948e+02, 4.19536362e+01, 7.27392395e+02,
       4.34307213e+01, 5.66102966e+02, 5.55062294e+01, 5.86869080e+02,
       5.67564850e+01, 6.07359985e+02, 5.77056961e+01, 6.27632507e+02,
       5.89771004e+01, 6.47679810e+02, 6.00445633e+01, 6.67947876e+02,
       6.13634033e+01, 6.87882935e+02, 6.22971382e+01, 7.07672058e+02,
       6.33784409e+01, 7.27456665e+02, 6.44966049e+01, 5.66134949e+02,
       7.75068970e+01, 5.86638916e+02, 7.86086426e+01, 6.07019897e+02,
       7.97790833e+01, 6.27285950e+02, 8.06921539e+01, 6.47225098e+02,
       8.18199158e+01, 6.67195801e+02, 8.30779266e+01, 6.86521790e+02,
       8.38697510e+01, 7.06250977e+02, 8.49634933e+01, 7.25715759e+02,
       8.57028732e+01, 5.65700134e+02, 9.87554169e+01, 5.86012817e+02,
       1.00131462e+02, 6.06201233e+02, 1.01402878e+02, 6.26232300e+02,
       1.02023582e+02, 6.46144897e+02, 1.03420586e+02, 6.65889526e+02,
       1.04175583e+02, 6.85289307e+02, 1.05102058e+02, 7.04815186e+02,
       1.05815033e+02, 7.23826599e+02, 1.06757584e+02, 5.65841370e+02,
       1.20345139e+02, 5.85465698e+02, 1.21223663e+02, 6.05713135e+02,
       1.22294167e+02, 6.25497437e+02, 1.23368378e+02, 6.45039307e+02,
       1.24360428e+02, 6.64719177e+02, 1.25409172e+02, 6.83954346e+02,
       1.26061195e+02, 7.03493591e+02, 1.26679321e+02, 7.22537170e+02,
       1.27693054e+02, 2.04369781e+02, 3.43791008e+01, 2.20188766e+02,
       3.23042450e+01, 2.35885269e+02, 2.99207420e+01, 2.52289688e+02,
       2.81175804e+01, 2.68795166e+02, 2.58985596e+01, 2.85137573e+02,
       2.36667824e+01, 3.01273346e+02, 2.18293190e+01, 3.17983551e+02,
       1.98702850e+01, 3.34782043e+02, 1.78948708e+01, 2.05049072e+02,
       5.11702118e+01, 2.20079193e+02, 4.87630234e+01, 2.36376175e+02,
       4.69436455e+01, 2.52588333e+02, 4.47067642e+01, 2.68866058e+02,
       4.28157005e+01, 2.85002808e+02, 4.08257599e+01, 3.01871704e+02,
       3.87788162e+01, 3.18473053e+02, 3.69721298e+01, 3.35622009e+02,
       3.52009163e+01, 2.04692841e+02, 6.78444595e+01, 2.20772339e+02,
       6.60169373e+01, 2.36839508e+02, 6.40156708e+01, 2.53153015e+02,
       6.20333710e+01, 2.69591553e+02, 6.00435753e+01, 2.86271301e+02,
       5.81420364e+01, 3.02520172e+02, 5.61458397e+01, 3.19266449e+02,
       5.46166878e+01, 3.36282684e+02, 5.25349503e+01, 2.06338455e+02,
       8.55069199e+01, 2.22413101e+02, 8.33182755e+01, 2.38686935e+02,
       8.15874481e+01, 2.55422165e+02, 7.98127518e+01, 2.71855652e+02,
       7.79864883e+01, 2.88230896e+02, 7.63091202e+01, 3.05289978e+02,
       7.45811005e+01, 3.22340332e+02, 7.29785385e+01, 3.39608704e+02,
       7.11285400e+01, 2.08722229e+02, 1.03148193e+02, 2.24945374e+02,
       1.01485161e+02, 2.41412796e+02, 9.96016693e+01, 2.58103882e+02,
       9.77380829e+01, 2.74302856e+02, 9.62452240e+01, 2.91183258e+02,
       9.45737457e+01, 3.08055573e+02, 9.27450333e+01, 3.24981812e+02,
       9.13204193e+01, 3.41795044e+02, 8.94158478e+01, 2.10587921e+02,
       1.20818512e+02, 2.27419250e+02, 1.19029480e+02, 2.43855209e+02,
       1.17504066e+02, 2.60533417e+02, 1.15902580e+02, 2.77095154e+02,
       1.14539673e+02, 2.93770203e+02, 1.12762024e+02, 3.10829315e+02,
       1.10944687e+02, 3.27525421e+02, 1.09409447e+02, 3.44261658e+02,
       1.07672089e+02, 2.06367447e+02, 3.85664597e+01, 2.21860504e+02,
       3.65715942e+01, 2.37516739e+02, 3.44218140e+01, 2.53459305e+02,
       3.24505196e+01, 2.69796600e+02, 3.00833340e+01, 2.85870758e+02,
       2.83213978e+01, 3.02005432e+02, 2.61976795e+01, 3.18566925e+02,
       2.42668343e+01, 3.35222687e+02, 2.22149487e+01, 2.06806335e+02,
       5.55660019e+01, 2.21887863e+02, 5.31825371e+01, 2.37815857e+02,
       5.13871841e+01, 2.53765381e+02, 4.90908737e+01, 2.69818207e+02,
       4.71173630e+01, 2.85839874e+02, 4.52297783e+01, 3.02567078e+02,
       4.33232346e+01, 3.18993958e+02, 4.14899330e+01, 3.35860809e+02,
       3.97250900e+01, 2.06491959e+02, 7.20139923e+01, 2.22490662e+02,
       7.01602097e+01, 2.38363708e+02, 6.81405640e+01, 2.54272400e+02,
       6.64030762e+01, 2.70591492e+02, 6.43835983e+01, 2.86965179e+02,
       6.26679039e+01, 3.03197479e+02, 6.06184158e+01, 3.20033508e+02,
       5.87665710e+01, 3.36453217e+02, 5.69011650e+01, 2.07976898e+02,
       8.97469482e+01, 2.23817795e+02, 8.74649429e+01, 2.39989639e+02,
       8.59273834e+01, 2.56319855e+02, 8.39915161e+01, 2.72758575e+02,
       8.23777237e+01, 2.88997467e+02, 8.05929489e+01, 3.05940887e+02,
       7.89060822e+01, 3.22671875e+02, 7.73399277e+01, 3.39727753e+02,
       7.56640472e+01, 2.10276947e+02, 1.06916595e+02, 2.26320236e+02,
